lambda n k
2.5000E-07 0.331937 0.751148
2.5100E-07 0.571703 0.756859
2.5200E-07 0.746475 0.762645
2.5300E-07 0.842457 0.768913
2.5400E-07 0.909333 0.775934
2.5500E-07 0.960934 0.783422
2.5600E-07 1.0032 0.79076
2.5700E-07 1.03928 0.797679
2.5800E-07 1.07104 0.804442
2.5900E-07 1.09957 0.811435
2.6000E-07 1.1256 0.81861
2.6100E-07 1.14962 0.825493
2.6200E-07 1.17205 0.831702
2.6300E-07 1.19323 0.837361
2.6400E-07 1.21341 0.842972
2.6500E-07 1.23271 0.848804
2.6600E-07 1.25125 0.854632
2.6700E-07 1.26918 0.859963
2.6800E-07 1.28659 0.86452
2.6900E-07 1.30352 0.868339
2.7000E-07 1.31993 0.871587
2.7100E-07 1.33577 0.874352
2.7200E-07 1.35102 0.876623
2.7300E-07 1.36569 0.878361
2.7400E-07 1.37976 0.879556
2.7500E-07 1.39319 0.880238
2.7600E-07 1.40594 0.88046
2.7700E-07 1.41801 0.880327
2.7800E-07 1.42943 0.880034
2.7900E-07 1.44023 0.879781
2.8000E-07 1.45043 0.879665
2.8100E-07 1.46005 0.879611
2.8200E-07 1.46912 0.87948
2.8300E-07 1.47767 0.879219
2.8400E-07 1.48576 0.878965
2.8500E-07 1.4934 0.87895
2.8600E-07 1.50065 0.879339
2.8700E-07 1.50752 0.880117
2.8800E-07 1.51405 0.881105
2.8900E-07 1.52029 0.882149
2.9000E-07 1.52625 0.883212
2.9100E-07 1.53198 0.884432
2.9200E-07 1.53746 0.885969
2.9300E-07 1.54273 0.887927
2.9400E-07 1.54785 0.890312
2.9500E-07 1.55289 0.8931
2.9600E-07 1.55792 0.896273
2.9700E-07 1.56299 0.899795
2.9800E-07 1.5681 0.903539
2.9900E-07 1.57324 0.907343
3.0000E-07 1.57842 0.911093
3.0100E-07 1.58363 0.914799
3.0200E-07 1.58889 0.918632
3.0300E-07 1.59421 0.922736
3.0400E-07 1.59958 0.927175
3.0500E-07 1.60502 0.931858
3.0600E-07 1.61054 0.936609
3.0700E-07 1.61616 0.941311
3.0800E-07 1.62189 0.945948
3.0900E-07 1.62775 0.950661
3.1000E-07 1.63376 0.955606
3.1100E-07 1.63994 0.96087
3.1200E-07 1.64633 0.966415
3.1300E-07 1.65293 0.972054
3.1400E-07 1.65978 0.977604
3.1500E-07 1.66687 0.982935
3.1600E-07 1.67418 0.988007
3.1700E-07 1.68167 0.99285
3.1800E-07 1.6893 0.997496
3.1900E-07 1.69703 1.00197
3.2000E-07 1.70484 1.00626
3.2100E-07 1.71272 1.01038
3.2200E-07 1.72063 1.01433
3.2300E-07 1.72856 1.01812
3.2400E-07 1.73653 1.02179
3.2500E-07 1.74453 1.02541
3.2600E-07 1.75259 1.02903
3.2700E-07 1.76072 1.0327
3.2800E-07 1.76894 1.03642
3.2900E-07 1.77726 1.04014
3.3000E-07 1.78568 1.04373
3.3100E-07 1.7942 1.04712
3.3200E-07 1.80281 1.05024
3.3300E-07 1.81149 1.05312
3.3400E-07 1.82022 1.05581
3.3500E-07 1.829 1.05838
3.3600E-07 1.83782 1.06088
3.3700E-07 1.84669 1.06333
3.3800E-07 1.85558 1.06569
3.3900E-07 1.86452 1.06789
3.4000E-07 1.87349 1.0699
3.4100E-07 1.88248 1.07167
3.4200E-07 1.89149 1.07322
3.4300E-07 1.9005 1.07459
3.4400E-07 1.90951 1.07586
3.4500E-07 1.91852 1.07708
3.4600E-07 1.92757 1.07827
3.4700E-07 1.93664 1.07945
3.4800E-07 1.94573 1.08053
3.4900E-07 1.95487 1.08144
3.5000E-07 1.96403 1.08213
3.5100E-07 1.97321 1.08256
3.5200E-07 1.98239 1.08272
3.5300E-07 1.99156 1.08268
3.5400E-07 2.00071 1.08251
3.5500E-07 2.00984 1.08224
3.5600E-07 2.01897 1.08192
3.5700E-07 2.0281 1.08155
3.5800E-07 2.03723 1.08106
3.5900E-07 2.04638 1.08042
3.6000E-07 2.05556 1.07958
3.6100E-07 2.06474 1.0785
3.6200E-07 2.07391 1.07714
3.6300E-07 2.08306 1.07548
3.6400E-07 2.09215 1.07353
3.6500E-07 2.10116 1.07128
3.6600E-07 2.11005 1.06871
3.6700E-07 2.11881 1.06584
3.6800E-07 2.12741 1.0627
3.6900E-07 2.13582 1.0593
3.7000E-07 2.14401 1.05567
3.7100E-07 2.15198 1.05183
3.7200E-07 2.15969 1.0478
3.7300E-07 2.16716 1.04364
3.7400E-07 2.17438 1.03939
3.7500E-07 2.18134 1.03512
3.7600E-07 2.18807 1.03085
3.7700E-07 2.19457 1.02664
3.7800E-07 2.20086 1.0225
3.7900E-07 2.20695 1.01843
3.8000E-07 2.21285 1.01441
3.8100E-07 2.21857 1.0104
3.8200E-07 2.22411 1.00641
3.8300E-07 2.22946 1.00242
3.8400E-07 2.23464 0.998443
3.8500E-07 2.23966 0.994544
3.8600E-07 2.24453 0.99079
3.8700E-07 2.24927 0.987244
3.8800E-07 2.25392 0.983956
3.8900E-07 2.25852 0.980969
3.9000E-07 2.26312 0.978295
3.9100E-07 2.26773 0.975873
3.9200E-07 2.27238 0.973606
3.9300E-07 2.2771 0.971404
3.9400E-07 2.28189 0.969192
3.9500E-07 2.28673 0.966903
3.9600E-07 2.29162 0.964487
3.9700E-07 2.29654 0.961946
3.9800E-07 2.30148 0.959316
3.9900E-07 2.30641 0.956637
4.0000E-07 2.31134 0.953941
4.0100E-07 2.31625 0.951254
4.0200E-07 2.32115 0.948599
4.0300E-07 2.32606 0.945979
4.0400E-07 2.33096 0.94338
4.0500E-07 2.33588 0.940775
4.0600E-07 2.34082 0.938145
4.0700E-07 2.34579 0.935471
4.0800E-07 2.35077 0.932738
4.0900E-07 2.35578 0.929929
4.1000E-07 2.3608 0.927032
4.1100E-07 2.36583 0.924032
4.1200E-07 2.37085 0.920917
4.1300E-07 2.37585 0.917674
4.1400E-07 2.38082 0.914292
4.1500E-07 2.38575 0.910763
4.1600E-07 2.39061 0.907082
4.1700E-07 2.39541 0.903256
4.1800E-07 2.40012 0.899305
4.1900E-07 2.40474 0.895248
4.2000E-07 2.40925 0.891102
4.2100E-07 2.41366 0.886884
4.2200E-07 2.41796 0.882606
4.2300E-07 2.42214 0.878281
4.2400E-07 2.4262 0.873917
4.2500E-07 2.43015 0.869516
4.2600E-07 2.43399 0.865082
4.2700E-07 2.4377 0.860615
4.2800E-07 2.4413 0.856118
4.2900E-07 2.44477 0.851594
4.3000E-07 2.44812 0.847047
4.3100E-07 2.45134 0.842482
4.3200E-07 2.45444 0.837914
4.3300E-07 2.45741 0.833356
4.3400E-07 2.46025 0.828824
4.3500E-07 2.46297 0.82433
4.3600E-07 2.46557 0.819888
4.3700E-07 2.46806 0.815508
4.3800E-07 2.47043 0.811202
4.3900E-07 2.47271 0.806976
4.4000E-07 2.47489 0.802835
4.4100E-07 2.47699 0.798785
4.4200E-07 2.47901 0.794829
4.4300E-07 2.48097 0.790971
4.4400E-07 2.48287 0.787213
4.4500E-07 2.48473 0.783559
4.4600E-07 2.48655 0.780008
4.4700E-07 2.48833 0.776555
4.4800E-07 2.4901 0.773183
4.4900E-07 2.49184 0.769878
4.5000E-07 2.49357 0.766628
4.5100E-07 2.49528 0.763419
4.5200E-07 2.49698 0.760242
4.5300E-07 2.49866 0.757085
4.5400E-07 2.50033 0.75394
4.5500E-07 2.50196 0.750807
4.5600E-07 2.50358 0.747691
4.5700E-07 2.50516 0.744601
4.5800E-07 2.50671 0.741545
4.5900E-07 2.50823 0.738528
4.6000E-07 2.50972 0.735558
4.6100E-07 2.51119 0.73264
4.6200E-07 2.51262 0.729778
4.6300E-07 2.51404 0.726977
4.6400E-07 2.51543 0.724235
4.6500E-07 2.5168 0.721552
4.6600E-07 2.51817 0.718925
4.6700E-07 2.51952 0.716352
4.6800E-07 2.52086 0.713831
4.6900E-07 2.5222 0.71136
4.7000E-07 2.52353 0.708939
4.7100E-07 2.52486 0.706566
4.7200E-07 2.52619 0.70424
4.7300E-07 2.52753 0.701964
4.7400E-07 2.52886 0.699739
4.7500E-07 2.53021 0.697568
4.7600E-07 2.53156 0.695453
4.7700E-07 2.53293 0.693397
4.7800E-07 2.53432 0.691399
4.7900E-07 2.53573 0.689462
4.8000E-07 2.53717 0.687585
4.8100E-07 2.53864 0.68577
4.8200E-07 2.54015 0.68401
4.8300E-07 2.5417 0.682296
4.8400E-07 2.54329 0.680621
4.8500E-07 2.54494 0.678978
4.8600E-07 2.54663 0.67736
4.8700E-07 2.54838 0.67576
4.8800E-07 2.55019 0.674171
4.8900E-07 2.55205 0.672589
4.9000E-07 2.55397 0.671006
4.9100E-07 2.55594 0.669415
4.9200E-07 2.55797 0.667812
4.9300E-07 2.56005 0.666186
4.9400E-07 2.56219 0.664533
4.9500E-07 2.56438 0.662847
4.9600E-07 2.56662 0.661121
4.9700E-07 2.5689 0.659351
4.9800E-07 2.57123 0.65753
4.9900E-07 2.57359 0.655654
5.0000E-07 2.576 0.653719
5.0100E-07 2.57844 0.651719
5.0200E-07 2.5809 0.649651
5.0300E-07 2.58339 0.647511
5.0400E-07 2.5859 0.645294
5.0500E-07 2.58843 0.642998
5.0600E-07 2.59097 0.640617
5.0700E-07 2.5935 0.63815
5.0800E-07 2.59604 0.635592
5.0900E-07 2.59857 0.632942
5.1000E-07 2.60107 0.630196
5.1100E-07 2.60356 0.627353
5.1200E-07 2.60602 0.624419
5.1300E-07 2.60845 0.621398
5.1400E-07 2.61083 0.618297
5.1500E-07 2.61317 0.615121
5.1600E-07 2.61547 0.611875
5.1700E-07 2.61771 0.608563
5.1800E-07 2.61989 0.605191
5.1900E-07 2.62201 0.601763
5.2000E-07 2.62407 0.598282
5.2100E-07 2.62607 0.594753
5.2200E-07 2.628 0.591181
5.2300E-07 2.62987 0.587569
5.2400E-07 2.63166 0.583922
5.2500E-07 2.63339 0.580243
5.2600E-07 2.63504 0.576537
5.2700E-07 2.63662 0.572808
5.2800E-07 2.63813 0.569059
5.2900E-07 2.63957 0.565293
5.3000E-07 2.64093 0.561515
5.3100E-07 2.64221 0.557726
5.3200E-07 2.64342 0.553931
5.3300E-07 2.64456 0.550134
5.3400E-07 2.64562 0.54634
5.3500E-07 2.6466 0.542554
5.3600E-07 2.64751 0.538782
5.3700E-07 2.64836 0.535031
5.3800E-07 2.64913 0.531306
5.3900E-07 2.64983 0.527611
5.4000E-07 2.65046 0.523954
5.4100E-07 2.65104 0.520336
5.4200E-07 2.65156 0.516765
5.4300E-07 2.65202 0.513243
5.4400E-07 2.65244 0.509776
5.4500E-07 2.65281 0.506362
5.4600E-07 2.65314 0.503001
5.4700E-07 2.65343 0.499688
5.4800E-07 2.65369 0.496422
5.4900E-07 2.65392 0.493199
5.5000E-07 2.65411 0.490016
5.5100E-07 2.65428 0.48687
5.5200E-07 2.65443 0.48376
5.5300E-07 2.65456 0.480684
5.5400E-07 2.65466 0.477638
5.5500E-07 2.65474 0.474621
5.5600E-07 2.6548 0.471632
5.5700E-07 2.65484 0.46867
5.5800E-07 2.65486 0.465733
5.5900E-07 2.65487 0.462824
5.6000E-07 2.65485 0.459939
5.6100E-07 2.65482 0.457079
5.6200E-07 2.65477 0.454243
5.6300E-07 2.6547 0.45143
5.6400E-07 2.65461 0.44864
5.6500E-07 2.65451 0.445871
5.6600E-07 2.65439 0.443124
5.6700E-07 2.65426 0.440396
5.6800E-07 2.65411 0.437688
5.6900E-07 2.65394 0.435
5.7000E-07 2.65376 0.432329
5.7100E-07 2.65356 0.429674
5.7200E-07 2.65334 0.427034
5.7300E-07 2.65311 0.424409
5.7400E-07 2.65286 0.421796
5.7500E-07 2.65259 0.419196
5.7600E-07 2.65231 0.416607
5.7700E-07 2.652 0.414028
5.7800E-07 2.65167 0.411458
5.7900E-07 2.65132 0.408897
5.8000E-07 2.65094 0.406344
5.8100E-07 2.65054 0.403798
5.8200E-07 2.65011 0.401259
5.8300E-07 2.64965 0.398727
5.8400E-07 2.64916 0.396205
5.8500E-07 2.64863 0.393697
5.8600E-07 2.64808 0.391205
5.8700E-07 2.64749 0.388733
5.8800E-07 2.64687 0.386285
5.8900E-07 2.64621 0.383864
5.9000E-07 2.64552 0.381474
5.9100E-07 2.64479 0.379116
5.9200E-07 2.64403 0.376796
5.9300E-07 2.64323 0.374514
5.9400E-07 2.6424 0.372275
5.9500E-07 2.64154 0.370081
5.9600E-07 2.64064 0.367934
5.9700E-07 2.63972 0.365838
5.9800E-07 2.63877 0.363797
5.9900E-07 2.6378 0.361815
6.0000E-07 2.63681 0.359895
6.0100E-07 2.63579 0.358039
6.0200E-07 2.63476 0.356251
6.0300E-07 2.63371 0.354534
6.0400E-07 2.63266 0.352889
6.0500E-07 2.63159 0.351321
6.0600E-07 2.63053 0.34983
6.0700E-07 2.62947 0.34842
6.0800E-07 2.62841 0.347092
6.0900E-07 2.62737 0.34585
6.1000E-07 2.62635 0.344695
6.1100E-07 2.62535 0.343628
6.1200E-07 2.62438 0.342646
6.1300E-07 2.62344 0.341742
6.1400E-07 2.62254 0.34091
6.1500E-07 2.62168 0.340143
6.1600E-07 2.62086 0.339435
6.1700E-07 2.62009 0.338781
6.1800E-07 2.61937 0.338173
6.1900E-07 2.61871 0.337608
6.2000E-07 2.6181 0.337079
6.2100E-07 2.61754 0.336582
6.2200E-07 2.61704 0.33611
6.2300E-07 2.61659 0.33566
6.2400E-07 2.6162 0.335225
6.2500E-07 2.61587 0.334802
6.2600E-07 2.61559 0.334386
6.2700E-07 2.61537 0.333973
6.2800E-07 2.6152 0.33356
6.2900E-07 2.61509 0.333144
6.3000E-07 2.61503 0.332723
6.3100E-07 2.61502 0.332292
6.3200E-07 2.61506 0.331849
6.3300E-07 2.61515 0.331388
6.3400E-07 2.61529 0.330907
6.3500E-07 2.61547 0.330402
6.3600E-07 2.61569 0.329868
6.3700E-07 2.61596 0.329304
6.3800E-07 2.61627 0.328706
6.3900E-07 2.61661 0.32807
6.4000E-07 2.61699 0.327393
6.4100E-07 2.6174 0.326673
6.4200E-07 2.61783 0.325906
6.4300E-07 2.61829 0.32509
6.4400E-07 2.61878 0.324224
6.4500E-07 2.61928 0.323306
6.4600E-07 2.61979 0.322335
6.4700E-07 2.62032 0.32131
6.4800E-07 2.62085 0.320234
6.4900E-07 2.62139 0.319107
6.5000E-07 2.62194 0.317929
6.5100E-07 2.62248 0.316703
6.5200E-07 2.62301 0.315427
6.5300E-07 2.62354 0.314105
6.5400E-07 2.62406 0.312735
6.5500E-07 2.62457 0.311319
6.5600E-07 2.62506 0.309858
6.5700E-07 2.62553 0.308353
6.5800E-07 2.62598 0.306803
6.5900E-07 2.6264 0.305211
6.6000E-07 2.6268 0.303578
6.6100E-07 2.62717 0.301905
6.6200E-07 2.62751 0.3002
6.6300E-07 2.62782 0.298466
6.6400E-07 2.62809 0.296708
6.6500E-07 2.62833 0.29493
6.6600E-07 2.62853 0.293135
6.6700E-07 2.6287 0.291327
6.6800E-07 2.62883 0.289509
6.6900E-07 2.62893 0.287686
6.7000E-07 2.62898 0.28586
6.7100E-07 2.629 0.284034
6.7200E-07 2.62899 0.282211
6.7300E-07 2.62894 0.280395
6.7400E-07 2.62885 0.278588
6.7500E-07 2.62874 0.276793
6.7600E-07 2.62859 0.275013
6.7700E-07 2.62842 0.273251
6.7800E-07 2.62822 0.271509
6.7900E-07 2.628 0.269787
6.8000E-07 2.62774 0.268085
6.8100E-07 2.62747 0.266401
6.8200E-07 2.62717 0.264735
6.8300E-07 2.62685 0.263086
6.8400E-07 2.62652 0.261453
6.8500E-07 2.62617 0.259836
6.8600E-07 2.6258 0.258233
6.8700E-07 2.62541 0.256644
6.8800E-07 2.625 0.255069
6.8900E-07 2.62458 0.253506
6.9000E-07 2.62415 0.251957
6.9100E-07 2.6237 0.250418
6.9200E-07 2.62323 0.24889
6.9300E-07 2.62275 0.247373
6.9400E-07 2.62225 0.245867
6.9500E-07 2.62173 0.24437
6.9600E-07 2.6212 0.242882
6.9700E-07 2.62065 0.241404
6.9800E-07 2.62008 0.239934
6.9900E-07 2.6195 0.238476
7.0000E-07 2.6189 0.237031
7.0100E-07 2.61828 0.2356
7.0200E-07 2.61764 0.234187
7.0300E-07 2.61698 0.23279
7.0400E-07 2.61631 0.231413
7.0500E-07 2.61562 0.230056
7.0600E-07 2.61491 0.228722
7.0700E-07 2.61418 0.227411
7.0800E-07 2.61344 0.226124
7.0900E-07 2.61268 0.224864
7.1000E-07 2.61191 0.223632
7.1100E-07 2.61112 0.222428
7.1200E-07 2.61032 0.221254
7.1300E-07 2.60951 0.220111
7.1400E-07 2.60869 0.219002
7.1500E-07 2.60786 0.217925
7.1600E-07 2.60703 0.216883
7.1700E-07 2.60619 0.215877
7.1800E-07 2.60534 0.214906
7.1900E-07 2.60449 0.213972
7.2000E-07 2.60364 0.213072
7.2100E-07 2.60279 0.212208
7.2200E-07 2.60194 0.211378
7.2300E-07 2.60109 0.210581
7.2400E-07 2.60024 0.209818
7.2500E-07 2.5994 0.209087
7.2600E-07 2.59857 0.208389
7.2700E-07 2.59774 0.207724
7.2800E-07 2.59692 0.207089
7.2900E-07 2.59611 0.206485
7.3000E-07 2.59531 0.205912
7.3100E-07 2.59453 0.205369
7.3200E-07 2.59375 0.204855
7.3300E-07 2.59299 0.20437
7.3400E-07 2.59224 0.203915
7.3500E-07 2.59151 0.203487
7.3600E-07 2.5908 0.203087
7.3700E-07 2.5901 0.202714
7.3800E-07 2.58943 0.202368
7.3900E-07 2.58877 0.202047
7.4000E-07 2.58814 0.201751
7.4100E-07 2.58753 0.201476
7.4200E-07 2.58693 0.201221
7.4300E-07 2.58637 0.200984
7.4400E-07 2.58583 0.200762
7.4500E-07 2.58531 0.200554
7.4600E-07 2.58481 0.200358
7.4700E-07 2.58434 0.20017
7.4800E-07 2.5839 0.199991
7.4900E-07 2.58348 0.199818
7.5000E-07 2.58309 0.199648
7.5100E-07 2.58272 0.19948
7.5200E-07 2.58237 0.199312
7.5300E-07 2.58205 0.199143
7.5400E-07 2.58175 0.198971
7.5500E-07 2.58148 0.198793
7.5600E-07 2.58122 0.198609
7.5700E-07 2.58099 0.198417
7.5800E-07 2.58077 0.198215
7.5900E-07 2.58057 0.198001
7.6000E-07 2.58039 0.197774
7.6100E-07 2.58022 0.197534
7.6200E-07 2.58006 0.197278
7.6300E-07 2.57992 0.197008
7.6400E-07 2.5798 0.196725
7.6500E-07 2.57968 0.196428
7.6600E-07 2.57957 0.196119
7.6700E-07 2.57947 0.195798
7.6800E-07 2.57938 0.195465
7.6900E-07 2.5793 0.195121
7.7000E-07 2.57922 0.194767
7.7100E-07 2.57915 0.194403
7.7200E-07 2.57908 0.19403
7.7300E-07 2.57901 0.193648
7.7400E-07 2.57895 0.193258
7.7500E-07 2.57889 0.192861
7.7600E-07 2.57883 0.192456
7.7700E-07 2.57877 0.192046
7.7800E-07 2.57872 0.191629
7.7900E-07 2.57867 0.191207
7.8000E-07 2.57862 0.19078
7.8100E-07 2.57857 0.190348
7.8200E-07 2.57852 0.189913
7.8300E-07 2.57847 0.189474
7.8400E-07 2.57842 0.189032
7.8500E-07 2.57837 0.188587
7.8600E-07 2.57832 0.188141
7.8700E-07 2.57827 0.187692
7.8800E-07 2.57822 0.187242
7.8900E-07 2.57817 0.186791
7.9000E-07 2.57812 0.18634
7.9100E-07 2.57808 0.185888
7.9200E-07 2.57803 0.185436
7.9300E-07 2.57798 0.184985
7.9400E-07 2.57793 0.184533
7.9500E-07 2.57788 0.184084
7.9600E-07 2.57783 0.183635
7.9700E-07 2.57779 0.183188
7.9800E-07 2.57774 0.182743
7.9900E-07 2.57769 0.1823
8.0000E-07 2.57765 0.181859
8.0100E-07 2.5776 0.18142
8.0200E-07 2.57756 0.180985
8.0300E-07 2.57752 0.180553
8.0400E-07 2.57748 0.180124
8.0500E-07 2.57744 0.179698
8.0600E-07 2.5774 0.179277
8.0700E-07 2.57737 0.17886
8.0800E-07 2.57734 0.178447
8.0900E-07 2.57731 0.178038
8.1000E-07 2.57729 0.177634
8.1100E-07 2.57727 0.177235
8.1200E-07 2.57725 0.17684
8.1300E-07 2.57724 0.17645
8.1400E-07 2.57723 0.176063
8.1500E-07 2.57723 0.175681
8.1600E-07 2.57723 0.175301
8.1700E-07 2.57724 0.174924
8.1800E-07 2.57725 0.17455
8.1900E-07 2.57727 0.174178
8.2000E-07 2.57729 0.173807
8.2100E-07 2.57732 0.173438
8.2200E-07 2.57736 0.17307
8.2300E-07 2.5774 0.172704
8.2400E-07 2.57745 0.172337
8.2500E-07 2.5775 0.171971
8.2600E-07 2.57756 0.171606
8.2700E-07 2.57763 0.171239
8.2800E-07 2.5777 0.170873
8.2900E-07 2.57778 0.170505
8.3000E-07 2.57787 0.170137
8.3100E-07 2.57796 0.169768
8.3200E-07 2.57806 0.169397
8.3300E-07 2.57816 0.169024
8.3400E-07 2.57827 0.168649
8.3500E-07 2.57838 0.168272
8.3600E-07 2.5785 0.167893
8.3700E-07 2.57863 0.167511
8.3800E-07 2.57876 0.167127
8.3900E-07 2.57889 0.166739
8.4000E-07 2.57904 0.166348
8.4100E-07 2.57918 0.165956
8.4200E-07 2.57933 0.165561
8.4300E-07 2.57949 0.165163
8.4400E-07 2.57965 0.164764
8.4500E-07 2.57981 0.164364
8.4600E-07 2.57999 0.163962
8.4700E-07 2.58016 0.163559
8.4800E-07 2.58034 0.163155
8.4900E-07 2.58053 0.16275
8.5000E-07 2.58072 0.162344
8.5100E-07 2.58091 0.161937
8.5200E-07 2.58112 0.161529
8.5300E-07 2.58132 0.161121
8.5400E-07 2.58154 0.160711
8.5500E-07 2.58175 0.160302
8.5600E-07 2.58198 0.159891
8.5700E-07 2.58221 0.159479
8.5800E-07 2.58245 0.159067
8.5900E-07 2.5827 0.158655
8.6000E-07 2.58295 0.158241
8.6100E-07 2.58321 0.157828
8.6200E-07 2.58348 0.157413
8.6300E-07 2.58376 0.156998
8.6400E-07 2.58404 0.156582
8.6500E-07 2.58434 0.156166
8.6600E-07 2.58465 0.155749
8.6700E-07 2.58496 0.155331
8.6800E-07 2.58529 0.154913
8.6900E-07 2.58563 0.154492
8.7000E-07 2.58598 0.154068
8.7100E-07 2.58634 0.153638
8.7200E-07 2.58671 0.153201
8.7300E-07 2.5871 0.152757
8.7400E-07 2.58749 0.152303
8.7500E-07 2.5879 0.151837
8.7600E-07 2.58831 0.151359
8.7700E-07 2.58874 0.150867
8.7800E-07 2.58918 0.150361
8.7900E-07 2.58963 0.149837
8.8000E-07 2.59009 0.149296
8.8100E-07 2.59055 0.148736
8.8200E-07 2.59102 0.148155
8.8300E-07 2.5915 0.147553
8.8400E-07 2.59199 0.146928
8.8500E-07 2.59247 0.146279
8.8600E-07 2.59296 0.145604
8.8700E-07 2.59345 0.144902
8.8800E-07 2.59393 0.144173
8.8900E-07 2.59441 0.143415
8.9000E-07 2.59488 0.142627
8.9100E-07 2.59533 0.141808
8.9200E-07 2.59577 0.140956
8.9300E-07 2.59623 0.140071
8.9400E-07 2.5967 0.139195
8.9500E-07 2.59708 0.138313
8.9600E-07 2.59739 0.137389
8.9700E-07 2.59765 0.136428
8.9800E-07 2.59844 0.135429
8.9900E-07 2.59929 0.134876
9.0000E-07 2.59963 0.134329
9.0100E-07 2.60002 0.133756
9.0200E-07 2.60046 0.133156
9.0300E-07 2.60094 0.132522
9.0400E-07 2.60144 0.131844
9.0500E-07 2.60197 0.131112
9.0600E-07 2.60255 0.130336
9.0700E-07 2.60317 0.129524
9.0800E-07 2.60379 0.128676
9.0900E-07 2.60441 0.127781
9.1000E-07 2.60506 0.12684
9.1100E-07 2.60572 0.125855
9.1200E-07 2.60638 0.124825
9.1300E-07 2.60702 0.123744
9.1400E-07 2.60767 0.122595
9.1500E-07 2.60835 0.121402
9.1600E-07 2.60901 0.120162
9.1700E-07 2.60963 0.118865
9.1800E-07 2.61025 0.117502
9.1900E-07 2.61088 0.116082
9.2000E-07 2.61149 0.114615
9.2100E-07 2.61208 0.113102
9.2200E-07 2.61264 0.111536
9.2300E-07 2.61317 0.109914
9.2400E-07 2.61369 0.108245
9.2500E-07 2.61417 0.106529
9.2600E-07 2.61461 0.104766
9.2700E-07 2.61502 0.102951
9.2800E-07 2.61542 0.101098
9.2900E-07 2.61577 0.09921
9.3000E-07 2.61608 0.097289
9.3100E-07 2.61632 0.095323
9.3200E-07 2.61652 0.093311
9.3300E-07 2.61668 0.091257
9.3400E-07 2.61674 0.089162
9.3500E-07 2.61675 0.086999
9.3600E-07 2.61677 0.084808
9.3700E-07 2.61674 0.082612
9.3800E-07 2.61664 0.08041
9.3900E-07 2.61646 0.078206
9.4000E-07 2.61623 0.076
9.4100E-07 2.61593 0.073796
9.4200E-07 2.61558 0.071598
9.4300E-07 2.61519 0.069419
9.4400E-07 2.61475 0.067268
9.4500E-07 2.61425 0.065148
9.4600E-07 2.61371 0.063063
9.4700E-07 2.6131 0.061012
9.4800E-07 2.61242 0.058988
9.4900E-07 2.61171 0.056988
9.5000E-07 2.61096 0.055019
9.5100E-07 2.61017 0.053083
9.5200E-07 2.60933 0.051178
9.5300E-07 2.60845 0.049303
9.5400E-07 2.60755 0.047466
9.5500E-07 2.60659 0.04567
9.5600E-07 2.60561 0.043908
9.5700E-07 2.6046 0.042189
9.5800E-07 2.60357 0.040521
9.5900E-07 2.60249 0.038899
9.6000E-07 2.6014 0.037318
9.6100E-07 2.60031 0.035795
9.6200E-07 2.59916 0.034325
9.6300E-07 2.59799 0.032893
9.6400E-07 2.59683 0.031509
9.6500E-07 2.59563 0.030174
9.6600E-07 2.59441 0.028875
9.6700E-07 2.59319 0.027613
9.6800E-07 2.59196 0.026398
9.6900E-07 2.59072 0.025222
9.7000E-07 2.58947 0.024083
9.7100E-07 2.58823 0.022991
9.7200E-07 2.58697 0.021943
9.7300E-07 2.58571 0.02093
9.7400E-07 2.58445 0.019958
9.7500E-07 2.58317 0.01902
9.7600E-07 2.58189 0.018107
9.7700E-07 2.58062 0.017227
9.7800E-07 2.57935 0.016382
9.7900E-07 2.57808 0.01557
9.8000E-07 2.57683 0.014792
9.8100E-07 2.57559 0.014055
9.8200E-07 2.57434 0.013358
9.8300E-07 2.57308 0.012689
9.8400E-07 2.57184 0.012045
9.8500E-07 2.57059 0.011434
9.8600E-07 2.56934 0.010835
9.8700E-07 2.56813 0.010262
9.8800E-07 2.56691 0.009716
9.8900E-07 2.56571 0.009191
9.9000E-07 2.56452 0.0087
9.9100E-07 2.56333 0.008232
9.9200E-07 2.56215 0.007789
9.9300E-07 2.56098 0.007366
9.9400E-07 2.55982 0.006962
9.9500E-07 2.55867 0.006577
9.9600E-07 2.55753 0.006208
9.9700E-07 2.5564 0.005863
9.9800E-07 2.55529 0.005531
9.9900E-07 2.55419 0.005219
1.0000E-06 2.5531 0.004929
1.0010E-06 2.55202 0.004651
1.0020E-06 2.55096 0.004394
1.0030E-06 2.54989 0.004148
1.0040E-06 2.54885 0.003914
1.0050E-06 2.54782 0.003695
1.0060E-06 2.54679 0.003486
1.0070E-06 2.54578 0.003281
1.0080E-06 2.54479 0.003095
1.0090E-06 2.5438 0.002915
1.0100E-06 2.54284 0.002744
1.0110E-06 2.54188 0.00259
1.0120E-06 2.54093 0.00244
1.0130E-06 2.53999 0.002302
1.0140E-06 2.53906 0.00217
1.0150E-06 2.53815 0.002044
1.0160E-06 2.53724 0.001927
1.0170E-06 2.53635 0.001813
1.0180E-06 2.53547 0.001711
1.0190E-06 2.5346 0.001615
1.0200E-06 2.53375 0.001523
1.0210E-06 2.5329 0.001443
1.0220E-06 2.53206 0.001365
1.0230E-06 2.53123 0.001291
1.0240E-06 2.53041 0.001222
1.0250E-06 2.52959 0.001152
1.0260E-06 2.52878 0.001081
1.0270E-06 2.528 0.001012
1.0280E-06 2.52722 0.00095
1.0290E-06 2.52645 0.000893
1.0300E-06 2.5257 0.00084
1.0310E-06 2.52495 0.000799
1.0320E-06 2.5242 0.000758
1.0330E-06 2.52347 0.000722
1.0340E-06 2.52274 0.00069
1.0350E-06 2.52202 0.000657
1.0360E-06 2.52131 0.000624
1.0370E-06 2.52061 0.000592
1.0380E-06 2.51991 0.000562
1.0390E-06 2.51923 0.000533
1.0400E-06 2.51855 0.000505
1.0410E-06 2.51788 0.000477
1.0420E-06 2.51721 0.00045
1.0430E-06 2.51656 0.000425
1.0440E-06 2.51591 0.000402
1.0450E-06 2.51526 0.000378
1.0460E-06 2.51463 0.000358
1.0470E-06 2.51399 0.000338
1.0480E-06 2.51337 0.000319
1.0490E-06 2.51275 0.000301
1.0500E-06 2.51214 0.000284
1.0510E-06 2.51154 0.000268
1.0520E-06 2.51094 0.000253
1.0530E-06 2.51034 0.000239
1.0540E-06 2.50975 0.000226
1.0550E-06 2.50917 0.000213
1.0560E-06 2.50859 0.000201
1.0570E-06 2.50802 0.00019
1.0580E-06 2.50745 0.000179
1.0590E-06 2.50689 0.000169
1.0600E-06 2.50633 0.00016
1.0610E-06 2.50578 0.000151
1.0620E-06 2.50524 0.000142
1.0630E-06 2.5047 0.000135
1.0640E-06 2.50416 0.000127
1.0650E-06 2.50363 0.00012
1.0660E-06 2.5031 0.000113
1.0670E-06 2.50258 0.000107
1.0680E-06 2.50206 0.000101
1.0690E-06 2.50154 9.5e-05
1.0700E-06 2.50103 9e-05
1.0710E-06 2.50053 8.5e-05
1.0720E-06 2.50002 8e-05
1.0730E-06 2.49953 7.6e-05
1.0740E-06 2.49903 7.2e-05
1.0750E-06 2.49855 6.7e-05
1.0760E-06 2.49806 6.4e-05
1.0770E-06 2.49758 6e-05
1.0780E-06 2.4971 5.7e-05
1.0790E-06 2.49663 5.4e-05
1.0800E-06 2.49616 5.1e-05
1.0810E-06 2.49569 4.8e-05
1.0820E-06 2.49523 4.5e-05
1.0830E-06 2.49477 4.3e-05
1.0840E-06 2.49431 4e-05
1.0850E-06 2.49386 3.8e-05
1.0860E-06 2.49341 3.6e-05
1.0870E-06 2.49296 3.4e-05
1.0880E-06 2.49252 3.2e-05
1.0890E-06 2.49208 3e-05
1.0900E-06 2.49164 2.9e-05
1.0910E-06 2.49121 2.7e-05
1.0920E-06 2.49078 2.6e-05
1.0930E-06 2.49035 2.4e-05
1.0940E-06 2.48993 2.3e-05
1.0950E-06 2.48951 2.1e-05
1.0960E-06 2.48909 2e-05
1.0970E-06 2.48868 1.9e-05
1.0980E-06 2.48826 1.8e-05
1.0990E-06 2.48785 1.7e-05
1.1000E-06 2.48745 1.6e-05
1.1010E-06 2.48704 1.5e-05
1.1020E-06 2.48664 1.4e-05
1.1030E-06 2.48624 1.4e-05
1.1040E-06 2.48585 1.3e-05
1.1050E-06 2.48545 1.2e-05
1.1060E-06 2.48506 1.1e-05
1.1070E-06 2.48467 1.1e-05
1.1080E-06 2.48429 1e-05
1.1090E-06 2.4839 1e-05
1.1100E-06 2.48352 9e-06
1.1110E-06 2.48314 9e-06
1.1120E-06 2.48277 8e-06
1.1130E-06 2.48239 8e-06
1.1140E-06 2.48202 7e-06
1.1150E-06 2.48165 7e-06
1.1160E-06 2.48129 6e-06
1.1170E-06 2.48092 6e-06
1.1180E-06 2.48056 6e-06
1.1190E-06 2.4802 5e-06
1.1200E-06 2.47984 5e-06
1.1210E-06 2.47949 5e-06
1.1220E-06 2.47913 5e-06
1.1230E-06 2.47878 4e-06
1.1240E-06 2.47843 4e-06
1.1250E-06 2.47809 4e-06
1.1260E-06 2.47774 4e-06
1.1270E-06 2.4774 3e-06
1.1280E-06 2.47706 3e-06
1.1290E-06 2.47671 3e-06
1.1300E-06 2.47638 3e-06
1.1310E-06 2.47604 3e-06
1.1320E-06 2.47571 3e-06
1.1330E-06 2.47538 2e-06
1.1340E-06 2.47505 2e-06
1.1350E-06 2.47472 2e-06
1.1360E-06 2.47439 2e-06
1.1370E-06 2.47407 2e-06
1.1380E-06 2.47375 2e-06
1.1390E-06 2.47343 2e-06
1.1400E-06 2.47311 2e-06
1.1410E-06 2.47279 2e-06
1.1420E-06 2.47247 1e-06
1.1430E-06 2.47216 1e-06
1.1440E-06 2.47185 1e-06
1.1450E-06 2.47154 1e-06
1.1460E-06 2.47123 1e-06
1.1470E-06 2.47092 1e-06
1.1480E-06 2.47062 1e-06
1.1490E-06 2.47031 1e-06
1.1500E-06 2.47001 1e-06
1.1510E-06 2.46971 1e-06
1.1520E-06 2.46941 1e-06
1.1530E-06 2.46911 1e-06
1.1540E-06 2.46882 1e-06
1.1550E-06 2.46852 1e-06
1.1560E-06 2.46823 1e-06
1.1570E-06 2.46794 1e-06
1.1580E-06 2.46765 1e-06
1.1590E-06 2.46736 1e-06
1.1600E-06 2.46707 1e-06
1.1610E-06 2.46679 0
1.1620E-06 2.4665 0
1.1630E-06 2.46622 0
1.1640E-06 2.46594 0
1.1650E-06 2.46566 0
1.1660E-06 2.46538 0
1.1670E-06 2.4651 0
1.1680E-06 2.46483 0
1.1690E-06 2.46455 0
1.1700E-06 2.46428 0
1.1710E-06 2.46401 0
1.1720E-06 2.46374 0
1.1730E-06 2.46347 0
1.1740E-06 2.4632 0
1.1750E-06 2.46293 0
1.1760E-06 2.46267 0
1.1770E-06 2.4624 0
1.1780E-06 2.46214 0
1.1790E-06 2.46188 0
1.1800E-06 2.46162 0
1.1810E-06 2.46136 0
1.1820E-06 2.4611 0
1.1830E-06 2.46085 0
1.1840E-06 2.46059 0
1.1850E-06 2.46034 0
1.1860E-06 2.46008 0
1.1870E-06 2.45983 0
1.1880E-06 2.45958 0
1.1890E-06 2.45933 0
1.1900E-06 2.45908 0
1.1910E-06 2.45884 0
1.1920E-06 2.45859 0
1.1930E-06 2.45834 0
1.1940E-06 2.4581 0
1.1950E-06 2.45786 0
1.1960E-06 2.45762 0
1.1970E-06 2.45737 0
1.1980E-06 2.45714 0
1.1990E-06 2.4569 0
1.2000E-06 2.45666 0
1.2010E-06 2.45642 0
1.2020E-06 2.45619 0
1.2030E-06 2.45595 0
1.2040E-06 2.45572 0
1.2050E-06 2.45549 0
1.2060E-06 2.45526 0
1.2070E-06 2.45503 0
1.2080E-06 2.45479 0
1.2090E-06 2.45457 0
1.2100E-06 2.45434 0
1.2110E-06 2.45411 0
1.2120E-06 2.45389 0
1.2130E-06 2.45366 0
1.2140E-06 2.45344 0
1.2150E-06 2.45322 0
1.2160E-06 2.453 0
1.2170E-06 2.45277 0
1.2180E-06 2.45255 0
1.2190E-06 2.45234 0
1.2200E-06 2.45212 0
1.2210E-06 2.4519 0
1.2220E-06 2.45168 0
1.2230E-06 2.45147 0
1.2240E-06 2.45126 0
1.2250E-06 2.45104 0
1.2260E-06 2.45083 0
1.2270E-06 2.45062 0
1.2280E-06 2.45041 0
1.2290E-06 2.4502 0
1.2300E-06 2.44999 0
1.2310E-06 2.44978 0
1.2320E-06 2.44957 0
1.2330E-06 2.44936 0
1.2340E-06 2.44916 0
1.2350E-06 2.44895 0
1.2360E-06 2.44875 0
1.2370E-06 2.44855 0
1.2380E-06 2.44835 0
1.2390E-06 2.44814 0
1.2400E-06 2.44794 0
1.2410E-06 2.44774 0
1.2420E-06 2.44754 0
1.2430E-06 2.44734 0
1.2440E-06 2.44715 0
1.2450E-06 2.44695 0
1.2460E-06 2.44675 0
1.2470E-06 2.44656 0
1.2480E-06 2.44636 0
1.2490E-06 2.44617 0
1.2500E-06 2.44598 0
1.2510E-06 2.44578 0
1.2520E-06 2.44559 0
1.2530E-06 2.4454 0
1.2540E-06 2.44521 0
1.2550E-06 2.44502 0
1.2560E-06 2.44483 0
1.2570E-06 2.44464 0
1.2580E-06 2.44446 0
1.2590E-06 2.44427 0
1.2600E-06 2.44409 0
1.2610E-06 2.4439 0
1.2620E-06 2.44372 0
1.2630E-06 2.44353 0
1.2640E-06 2.44335 0
1.2650E-06 2.44317 0
1.2660E-06 2.44299 0
1.2670E-06 2.4428 0
1.2680E-06 2.44262 0
1.2690E-06 2.44245 0
1.2700E-06 2.44227 0
1.2710E-06 2.44209 0
1.2720E-06 2.44191 0
1.2730E-06 2.44173 0
1.2740E-06 2.44156 0
1.2750E-06 2.44138 0
1.2760E-06 2.44121 0
1.2770E-06 2.44103 0
1.2780E-06 2.44086 0
1.2790E-06 2.44068 0
1.2800E-06 2.44051 0
1.2810E-06 2.44034 0
1.2820E-06 2.44017 0
1.2830E-06 2.44 0
1.2840E-06 2.43983 0
1.2850E-06 2.43966 0
1.2860E-06 2.43949 0
1.2870E-06 2.43932 0
1.2880E-06 2.43915 0
1.2890E-06 2.43899 0
1.2900E-06 2.43882 0
1.2910E-06 2.43865 0
1.2920E-06 2.43849 0
1.2930E-06 2.43832 0
1.2940E-06 2.43816 0
1.2950E-06 2.438 0
1.2960E-06 2.43784 0
1.2970E-06 2.43767 0
1.2980E-06 2.43751 0
1.2990E-06 2.43735 0
