lambda n k
2.5000E-07 0.451489 0.653117
2.5100E-07 0.657576 0.66016
2.5200E-07 0.8088 0.667083
2.5300E-07 0.891897 0.673856
2.5400E-07 0.949893 0.680451
2.5500E-07 0.994735 0.686847
2.5600E-07 1.0315 0.693022
2.5700E-07 1.06281 0.698958
2.5800E-07 1.09022 0.704642
2.5900E-07 1.11469 0.710061
2.6000E-07 1.13687 0.715205
2.6100E-07 1.15722 0.720068
2.6200E-07 1.17606 0.724644
2.6300E-07 1.19363 0.728929
2.6400E-07 1.21012 0.732923
2.6500E-07 1.22565 0.736625
2.6600E-07 1.24036 0.740038
2.6700E-07 1.2543 0.743164
2.6800E-07 1.26755 0.746007
2.6900E-07 1.28016 0.748573
2.7000E-07 1.29217 0.750868
2.7100E-07 1.30361 0.7529
2.7200E-07 1.31451 0.754677
2.7300E-07 1.32488 0.756207
2.7400E-07 1.33474 0.7575
2.7500E-07 1.34409 0.758568
2.7600E-07 1.35295 0.75942
2.7700E-07 1.36132 0.76007
2.7800E-07 1.36918 0.76053
2.7900E-07 1.37656 0.760812
2.8000E-07 1.38342 0.760933
2.8100E-07 1.38978 0.760906
2.8200E-07 1.39562 0.760749
2.8300E-07 1.40092 0.76048
2.8400E-07 1.40567 0.760117
2.8500E-07 1.40984 0.759682
2.8600E-07 1.41342 0.7592
2.8700E-07 1.41637 0.758698
2.8800E-07 1.41865 0.758208
2.8900E-07 1.42022 0.757768
2.9000E-07 1.42101 0.757426
2.9100E-07 1.42095 0.757249
2.9200E-07 1.41997 0.757348
2.9300E-07 1.41808 0.757961
2.9400E-07 1.41547 0.75961
2.9500E-07 1.41251 0.76321
2.9600E-07 1.40962 0.769731
2.9700E-07 1.40712 0.779428
2.9800E-07 1.40526 0.791413
2.9900E-07 1.40433 0.804266
3.0000E-07 1.40453 0.816911
3.0100E-07 1.40582 0.828922
3.0200E-07 1.408 0.840273
3.0300E-07 1.41083 0.85106
3.0400E-07 1.41412 0.861388
3.0500E-07 1.41773 0.871344
3.0600E-07 1.42158 0.881004
3.0700E-07 1.42559 0.890432
3.0800E-07 1.42972 0.899687
3.0900E-07 1.43395 0.908823
3.1000E-07 1.43823 0.91789
3.1100E-07 1.44258 0.926932
3.1200E-07 1.44697 0.935995
3.1300E-07 1.45141 0.945115
3.1400E-07 1.4559 0.95433
3.1500E-07 1.46046 0.963673
3.1600E-07 1.4651 0.973173
3.1700E-07 1.46984 0.982856
3.1800E-07 1.47469 0.992743
3.1900E-07 1.4797 1.00285
3.2000E-07 1.48488 1.0132
3.2100E-07 1.49026 1.0238
3.2200E-07 1.49587 1.03464
3.2300E-07 1.50174 1.04574
3.2400E-07 1.50791 1.05709
3.2500E-07 1.51441 1.06868
3.2600E-07 1.52126 1.08049
3.2700E-07 1.5285 1.09251
3.2800E-07 1.53616 1.10472
3.2900E-07 1.54426 1.11709
3.3000E-07 1.55284 1.12959
3.3100E-07 1.56191 1.14219
3.3200E-07 1.57149 1.15484
3.3300E-07 1.5816 1.16751
3.3400E-07 1.59225 1.18016
3.3500E-07 1.60347 1.19274
3.3600E-07 1.61524 1.20521
3.3700E-07 1.62757 1.21752
3.3800E-07 1.64048 1.22963
3.3900E-07 1.65394 1.24148
3.4000E-07 1.66795 1.25304
3.4100E-07 1.68251 1.26425
3.4200E-07 1.69759 1.27508
3.4300E-07 1.71318 1.28548
3.4400E-07 1.72926 1.29541
3.4500E-07 1.7458 1.30484
3.4600E-07 1.76279 1.31372
3.4700E-07 1.78018 1.32204
3.4800E-07 1.79796 1.32975
3.4900E-07 1.81609 1.33682
3.5000E-07 1.83454 1.34325
3.5100E-07 1.85327 1.349
3.5200E-07 1.87225 1.35406
3.5300E-07 1.89144 1.35841
3.5400E-07 1.9108 1.36204
3.5500E-07 1.93031 1.36494
3.5600E-07 1.94991 1.36711
3.5700E-07 1.96958 1.36854
3.5800E-07 1.98928 1.36924
3.5900E-07 2.00897 1.3692
3.6000E-07 2.02862 1.36843
3.6100E-07 2.04819 1.36693
3.6200E-07 2.06765 1.36472
3.6300E-07 2.08697 1.36181
3.6400E-07 2.1061 1.35821
3.6500E-07 2.12503 1.35393
3.6600E-07 2.14373 1.349
3.6700E-07 2.16216 1.34343
3.6800E-07 2.18029 1.33724
3.6900E-07 2.19812 1.33045
3.7000E-07 2.2156 1.32309
3.7100E-07 2.23271 1.31518
3.7200E-07 2.24945 1.30674
3.7300E-07 2.26578 1.2978
3.7400E-07 2.28169 1.28839
3.7500E-07 2.29717 1.27852
3.7600E-07 2.31219 1.26824
3.7700E-07 2.32675 1.25756
3.7800E-07 2.34083 1.24651
3.7900E-07 2.35442 1.23513
3.8000E-07 2.36753 1.22343
3.8100E-07 2.38012 1.21145
3.8200E-07 2.39221 1.19922
3.8300E-07 2.40379 1.18676
3.8400E-07 2.41485 1.1741
3.8500E-07 2.4254 1.16126
3.8600E-07 2.43542 1.14828
3.8700E-07 2.44493 1.13518
3.8800E-07 2.45392 1.12199
3.8900E-07 2.46239 1.10872
3.9000E-07 2.47036 1.09541
3.9100E-07 2.47782 1.08208
3.9200E-07 2.48479 1.06875
3.9300E-07 2.49126 1.05544
3.9400E-07 2.49724 1.04218
3.9500E-07 2.50275 1.02899
3.9600E-07 2.50779 1.01589
3.9700E-07 2.51237 1.0029
3.9800E-07 2.51651 0.99003
3.9900E-07 2.52021 0.977308
4.0000E-07 2.52348 0.964747
4.0100E-07 2.52634 0.952365
4.0200E-07 2.52881 0.940177
4.0300E-07 2.53088 0.928197
4.0400E-07 2.53258 0.91644
4.0500E-07 2.53393 0.904919
4.0600E-07 2.53493 0.893646
4.0700E-07 2.53559 0.882632
4.0800E-07 2.53595 0.871888
4.0900E-07 2.536 0.861423
4.1000E-07 2.53577 0.851247
4.1100E-07 2.53527 0.841368
4.1200E-07 2.53451 0.831794
4.1300E-07 2.53352 0.82253
4.1400E-07 2.5323 0.813582
4.1500E-07 2.53088 0.804955
4.1600E-07 2.52926 0.796655
4.1700E-07 2.52747 0.788683
4.1800E-07 2.52553 0.781042
4.1900E-07 2.52343 0.773735
4.2000E-07 2.52121 0.766763
4.2100E-07 2.51888 0.760125
4.2200E-07 2.51645 0.753822
4.2300E-07 2.51394 0.747853
4.2400E-07 2.51136 0.742215
4.2500E-07 2.50873 0.736906
4.2600E-07 2.50606 0.731924
4.2700E-07 2.50337 0.727263
4.2800E-07 2.50066 0.72292
4.2900E-07 2.49797 0.71889
4.3000E-07 2.49528 0.715166
4.3100E-07 2.49263 0.711742
4.3200E-07 2.49003 0.708612
4.3300E-07 2.48747 0.705767
4.3400E-07 2.48498 0.7032
4.3500E-07 2.48257 0.700902
4.3600E-07 2.48025 0.698863
4.3700E-07 2.47803 0.697075
4.3800E-07 2.47591 0.695526
4.3900E-07 2.47391 0.694207
4.4000E-07 2.47204 0.693107
4.4100E-07 2.4703 0.692214
4.4200E-07 2.46869 0.691517
4.4300E-07 2.46724 0.691005
4.4400E-07 2.46594 0.690665
4.4500E-07 2.46479 0.690485
4.4600E-07 2.46381 0.690452
4.4700E-07 2.463 0.690556
4.4800E-07 2.46236 0.690782
4.4900E-07 2.46189 0.691118
4.5000E-07 2.46159 0.691553
4.5100E-07 2.46148 0.692073
4.5200E-07 2.46154 0.692666
4.5300E-07 2.46178 0.693319
4.5400E-07 2.4622 0.694022
4.5500E-07 2.46279 0.694762
4.5600E-07 2.46357 0.695527
4.5700E-07 2.46452 0.696306
4.5800E-07 2.46564 0.697089
4.5900E-07 2.46693 0.697864
4.6000E-07 2.46838 0.69862
4.6100E-07 2.47 0.69935
4.6200E-07 2.47178 0.700041
4.6300E-07 2.47371 0.700687
4.6400E-07 2.47579 0.701277
4.6500E-07 2.47802 0.701804
4.6600E-07 2.48038 0.702259
4.6700E-07 2.48287 0.702637
4.6800E-07 2.48549 0.702929
4.6900E-07 2.48824 0.70313
4.7000E-07 2.4911 0.703234
4.7100E-07 2.49406 0.703235
4.7200E-07 2.49713 0.703129
4.7300E-07 2.50028 0.702911
4.7400E-07 2.50353 0.702577
4.7500E-07 2.50686 0.702125
4.7600E-07 2.51026 0.70155
4.7700E-07 2.51373 0.700852
4.7800E-07 2.51725 0.700027
4.7900E-07 2.52083 0.699073
4.8000E-07 2.52446 0.697991
4.8100E-07 2.52812 0.696778
4.8200E-07 2.53182 0.695435
4.8300E-07 2.53554 0.693962
4.8400E-07 2.53929 0.692358
4.8500E-07 2.54304 0.690625
4.8600E-07 2.54681 0.688763
4.8700E-07 2.55057 0.686774
4.8800E-07 2.55433 0.684659
4.8900E-07 2.55808 0.68242
4.9000E-07 2.56182 0.68006
4.9100E-07 2.56553 0.677579
4.9200E-07 2.56922 0.674982
4.9300E-07 2.57287 0.672271
4.9400E-07 2.5765 0.669448
4.9500E-07 2.58008 0.666517
4.9600E-07 2.58362 0.66348
4.9700E-07 2.58711 0.660343
4.9800E-07 2.59055 0.657106
4.9900E-07 2.59393 0.653776
5.0000E-07 2.59725 0.650354
5.0100E-07 2.60051 0.646846
5.0200E-07 2.60371 0.643254
5.0300E-07 2.60684 0.639583
5.0400E-07 2.6099 0.635836
5.0500E-07 2.61289 0.632019
5.0600E-07 2.6158 0.628133
5.0700E-07 2.61864 0.624185
5.0800E-07 2.6214 0.620177
5.0900E-07 2.62408 0.616114
5.1000E-07 2.62668 0.611999
5.1100E-07 2.6292 0.607838
5.1200E-07 2.63163 0.603632
5.1300E-07 2.63399 0.599387
5.1400E-07 2.63625 0.595107
5.1500E-07 2.63843 0.590795
5.1600E-07 2.64053 0.586454
5.1700E-07 2.64255 0.582089
5.1800E-07 2.64447 0.577703
5.1900E-07 2.64631 0.5733
5.2000E-07 2.64807 0.568883
5.2100E-07 2.64974 0.564455
5.2200E-07 2.65133 0.56002
5.2300E-07 2.65283 0.555581
5.2400E-07 2.65426 0.551141
5.2500E-07 2.65559 0.546703
5.2600E-07 2.65685 0.54227
5.2700E-07 2.65803 0.537845
5.2800E-07 2.65913 0.533431
5.2900E-07 2.66015 0.529029
5.3000E-07 2.66109 0.524643
5.3100E-07 2.66196 0.520275
5.3200E-07 2.66276 0.515927
5.3300E-07 2.66348 0.511602
5.3400E-07 2.66413 0.507301
5.3500E-07 2.66471 0.503027
5.3600E-07 2.66522 0.498782
5.3700E-07 2.66567 0.494567
5.3800E-07 2.66604 0.490384
5.3900E-07 2.66636 0.486235
5.4000E-07 2.66661 0.482121
5.4100E-07 2.66681 0.478043
5.4200E-07 2.66694 0.474004
5.4300E-07 2.66702 0.470003
5.4400E-07 2.66704 0.466043
5.4500E-07 2.66701 0.462125
5.4600E-07 2.66693 0.458249
5.4700E-07 2.6668 0.454416
5.4800E-07 2.66661 0.450627
5.4900E-07 2.66639 0.446883
5.5000E-07 2.66611 0.443184
5.5100E-07 2.6658 0.439532
5.5200E-07 2.66544 0.435926
5.5300E-07 2.66504 0.432367
5.5400E-07 2.66461 0.428856
5.5500E-07 2.66413 0.425392
5.5600E-07 2.66363 0.421976
5.5700E-07 2.66309 0.418608
5.5800E-07 2.66251 0.415288
5.5900E-07 2.66191 0.412016
5.6000E-07 2.66128 0.408793
5.6100E-07 2.66062 0.405618
5.6200E-07 2.65993 0.402491
5.6300E-07 2.65923 0.399413
5.6400E-07 2.65849 0.396382
5.6500E-07 2.65774 0.393398
5.6600E-07 2.65696 0.390462
5.6700E-07 2.65617 0.387573
5.6800E-07 2.65536 0.384731
5.6900E-07 2.65453 0.381935
5.7000E-07 2.65369 0.379185
5.7100E-07 2.65283 0.376481
5.7200E-07 2.65196 0.373822
5.7300E-07 2.65108 0.371207
5.7400E-07 2.65019 0.368637
5.7500E-07 2.64929 0.36611
5.7600E-07 2.64838 0.363626
5.7700E-07 2.64746 0.361184
5.7800E-07 2.64653 0.358785
5.7900E-07 2.6456 0.356427
5.8000E-07 2.64466 0.354109
5.8100E-07 2.64372 0.351832
5.8200E-07 2.64278 0.349594
5.8300E-07 2.64183 0.347395
5.8400E-07 2.64088 0.345234
5.8500E-07 2.63993 0.343111
5.8600E-07 2.63898 0.341024
5.8700E-07 2.63803 0.338974
5.8800E-07 2.63708 0.336959
5.8900E-07 2.63614 0.334979
5.9000E-07 2.63519 0.333034
5.9100E-07 2.63425 0.331122
5.9200E-07 2.63331 0.329243
5.9300E-07 2.63237 0.327396
5.9400E-07 2.63144 0.325581
5.9500E-07 2.63051 0.323796
5.9600E-07 2.62959 0.322042
5.9700E-07 2.62867 0.320318
5.9800E-07 2.62776 0.318622
5.9900E-07 2.62685 0.316955
6.0000E-07 2.62595 0.315316
6.0100E-07 2.62505 0.313703
6.0200E-07 2.62417 0.312118
6.0300E-07 2.62329 0.310558
6.0400E-07 2.62242 0.309023
6.0500E-07 2.62155 0.307513
6.0600E-07 2.62069 0.306027
6.0700E-07 2.61985 0.304565
6.0800E-07 2.61901 0.303125
6.0900E-07 2.61817 0.301708
6.1000E-07 2.61735 0.300313
6.1100E-07 2.61654 0.29894
6.1200E-07 2.61573 0.297587
6.1300E-07 2.61494 0.296254
6.1400E-07 2.61415 0.294941
6.1500E-07 2.61337 0.293648
6.1600E-07 2.6126 0.292373
6.1700E-07 2.61184 0.291116
6.1800E-07 2.61109 0.289878
6.1900E-07 2.61035 0.288657
6.2000E-07 2.60962 0.287453
6.2100E-07 2.6089 0.286265
6.2200E-07 2.60819 0.285093
6.2300E-07 2.60748 0.283938
6.2400E-07 2.60679 0.282797
6.2500E-07 2.60611 0.281672
6.2600E-07 2.60543 0.280561
6.2700E-07 2.60477 0.279464
6.2800E-07 2.60412 0.278381
6.2900E-07 2.60347 0.277311
6.3000E-07 2.60283 0.276255
6.3100E-07 2.60221 0.275211
6.3200E-07 2.60159 0.27418
6.3300E-07 2.60099 0.273161
6.3400E-07 2.60039 0.272154
6.3500E-07 2.5998 0.271158
6.3600E-07 2.59922 0.270174
6.3700E-07 2.59865 0.2692
6.3800E-07 2.59809 0.268237
6.3900E-07 2.59754 0.267285
6.4000E-07 2.597 0.266343
6.4100E-07 2.59646 0.265411
6.4200E-07 2.59594 0.264488
6.4300E-07 2.59543 0.263575
6.4400E-07 2.59492 0.262671
6.4500E-07 2.59442 0.261776
6.4600E-07 2.59393 0.26089
6.4700E-07 2.59345 0.260012
6.4800E-07 2.59298 0.259143
6.4900E-07 2.59252 0.258282
6.5000E-07 2.59206 0.257429
6.5100E-07 2.59162 0.256584
6.5200E-07 2.59118 0.255747
6.5300E-07 2.59075 0.254917
6.5400E-07 2.59033 0.254094
6.5500E-07 2.58992 0.253279
6.5600E-07 2.58952 0.25247
6.5700E-07 2.58912 0.251669
6.5800E-07 2.58873 0.250874
6.5900E-07 2.58835 0.250085
6.6000E-07 2.58798 0.249303
6.6100E-07 2.58761 0.248528
6.6200E-07 2.58726 0.247758
6.6300E-07 2.58691 0.246995
6.6400E-07 2.58657 0.246237
6.6500E-07 2.58623 0.245486
6.6600E-07 2.58591 0.24474
6.6700E-07 2.58559 0.244
6.6800E-07 2.58528 0.243265
6.6900E-07 2.58498 0.242536
6.7000E-07 2.58468 0.241812
6.7100E-07 2.58439 0.241093
6.7200E-07 2.58411 0.240379
6.7300E-07 2.58384 0.239671
6.7400E-07 2.58357 0.238967
6.7500E-07 2.58332 0.238268
6.7600E-07 2.58307 0.237574
6.7700E-07 2.58282 0.236885
6.7800E-07 2.58259 0.236201
6.7900E-07 2.58236 0.235521
6.8000E-07 2.58213 0.234845
6.8100E-07 2.58192 0.234174
6.8200E-07 2.58171 0.233508
6.8300E-07 2.58151 0.232845
6.8400E-07 2.58132 0.232187
6.8500E-07 2.58113 0.231534
6.8600E-07 2.58095 0.230884
6.8700E-07 2.58078 0.230239
6.8800E-07 2.58062 0.229597
6.8900E-07 2.58046 0.228959
6.9000E-07 2.58031 0.228326
6.9100E-07 2.58017 0.227696
6.9200E-07 2.58003 0.22707
6.9300E-07 2.57991 0.226448
6.9400E-07 2.57979 0.22583
6.9500E-07 2.57967 0.225215
6.9600E-07 2.57957 0.224604
6.9700E-07 2.57947 0.223997
6.9800E-07 2.57938 0.223393
6.9900E-07 2.57929 0.222793
7.0000E-07 2.57922 0.222196
7.0100E-07 2.57915 0.221602
7.0200E-07 2.57909 0.221012
7.0300E-07 2.57904 0.220426
7.0400E-07 2.57899 0.219842
7.0500E-07 2.57896 0.219262
7.0600E-07 2.57893 0.218685
7.0700E-07 2.5789 0.218112
7.0800E-07 2.57889 0.217541
7.0900E-07 2.57889 0.216974
7.1000E-07 2.57889 0.21641
7.1100E-07 2.5789 0.215849
7.1200E-07 2.57892 0.215291
7.1300E-07 2.57895 0.214736
7.1400E-07 2.57899 0.214183
7.1500E-07 2.57903 0.213634
7.1600E-07 2.57909 0.213088
7.1700E-07 2.57915 0.212544
7.1800E-07 2.57923 0.212004
7.1900E-07 2.57931 0.211466
7.2000E-07 2.5794 0.21093
7.2100E-07 2.5795 0.210398
7.2200E-07 2.57961 0.209868
7.2300E-07 2.57973 0.209341
7.2400E-07 2.57986 0.208816
7.2500E-07 2.58001 0.208294
7.2600E-07 2.58016 0.207774
7.2700E-07 2.58032 0.207257
7.2800E-07 2.58049 0.206742
7.2900E-07 2.58068 0.206229
7.3000E-07 2.58088 0.205719
7.3100E-07 2.58108 0.205211
7.3200E-07 2.5813 0.204705
7.3300E-07 2.58154 0.204201
7.3400E-07 2.58178 0.203699
7.3500E-07 2.58204 0.2032
7.3600E-07 2.58231 0.202702
7.3700E-07 2.5826 0.202206
7.3800E-07 2.5829 0.201712
7.3900E-07 2.58321 0.201219
7.4000E-07 2.58354 0.200728
7.4100E-07 2.58388 0.200239
7.4200E-07 2.58424 0.199751
7.4300E-07 2.58462 0.199264
7.4400E-07 2.58501 0.198778
7.4500E-07 2.58542 0.198293
7.4600E-07 2.58585 0.197808
7.4700E-07 2.5863 0.197323
7.4800E-07 2.58677 0.196838
7.4900E-07 2.58725 0.196351
7.5000E-07 2.58776 0.195863
7.5100E-07 2.58829 0.195372
7.5200E-07 2.58884 0.194877
7.5300E-07 2.58941 0.194377
7.5400E-07 2.59 0.193868
7.5500E-07 2.59061 0.193349
7.5600E-07 2.59124 0.192817
7.5700E-07 2.59188 0.192268
7.5800E-07 2.59254 0.191697
7.5900E-07 2.5932 0.191098
7.6000E-07 2.59387 0.190466
7.6100E-07 2.59451 0.189792
7.6200E-07 2.59512 0.189068
7.6300E-07 2.59565 0.188284
7.6400E-07 2.59606 0.187427
7.6500E-07 2.59746 0.186487
7.6600E-07 2.59901 0.186535
7.6700E-07 2.59969 0.186609
7.6800E-07 2.60045 0.186631
7.6900E-07 2.60145 0.186529
7.7000E-07 2.60252 0.186427
7.7100E-07 2.6037 0.186115
7.7200E-07 2.60486 0.185783
7.7300E-07 2.60574 0.185105
7.7400E-07 2.60698 0.184099
7.7500E-07 2.60911 0.183156
7.7600E-07 2.61124 0.182787
7.7700E-07 2.61256 0.182418
7.7800E-07 2.61385 0.181676
7.7900E-07 2.61563 0.18075
7.8000E-07 2.61768 0.179824
7.8100E-07 2.61989 0.178895
7.8200E-07 2.62129 0.177965
7.8300E-07 2.62245 0.176136
7.8400E-07 2.62454 0.174032
7.8500E-07 2.627 0.172002
7.8600E-07 2.62936 0.170154
7.8700E-07 2.63125 0.168306
7.8800E-07 2.63313 0.166119
7.8900E-07 2.63516 0.163845
7.9000E-07 2.63659 0.161296
7.9100E-07 2.63827 0.15808
7.9200E-07 2.6401 0.154864
7.9300E-07 2.64163 0.151246
7.9400E-07 2.64338 0.147506
7.9500E-07 2.64492 0.143721
7.9600E-07 2.64638 0.13978
7.9700E-07 2.64751 0.135838
7.9800E-07 2.6483 0.131542
7.9900E-07 2.64926 0.127075
8.0000E-07 2.64985 0.122572
8.0100E-07 2.65024 0.117758
8.0200E-07 2.65071 0.112944
8.0300E-07 2.65094 0.108133
8.0400E-07 2.65095 0.103324
8.0500E-07 2.65054 0.098515
8.0600E-07 2.64986 0.093532
8.0700E-07 2.64926 0.08853
8.0800E-07 2.6489 0.083703
8.0900E-07 2.64817 0.079312
8.1000E-07 2.64665 0.07492
8.1100E-07 2.64487 0.070354
8.1200E-07 2.64301 0.065691
8.1300E-07 2.64171 0.061029
8.1400E-07 2.64017 0.057044
8.1500E-07 2.63802 0.053067
8.1600E-07 2.63645 0.049374
8.1700E-07 2.63452 0.046296
8.1800E-07 2.63192 0.043219
8.1900E-07 2.62932 0.040129
8.2000E-07 2.62664 0.037031
8.2100E-07 2.62436 0.033933
8.2200E-07 2.62202 0.031276
8.2300E-07 2.61923 0.028662
8.2400E-07 2.61684 0.02615
8.2500E-07 2.6143 0.024087
8.2600E-07 2.61159 0.022024
8.2700E-07 2.60936 0.020266
8.2800E-07 2.60686 0.018899
8.2900E-07 2.60403 0.017531
8.3000E-07 2.60127 0.016145
8.3100E-07 2.59857 0.014749
8.3200E-07 2.59614 0.013353
8.3300E-07 2.59376 0.012187
8.3400E-07 2.59116 0.011048
8.3500E-07 2.58877 0.00993
8.3600E-07 2.58638 0.009014
8.3700E-07 2.5839 0.008098
8.3800E-07 2.58179 0.00729
8.3900E-07 2.57962 0.006777
8.4000E-07 2.57724 0.006264
8.4100E-07 2.57498 0.005777
8.4200E-07 2.57277 0.005322
8.4300E-07 2.57061 0.004867
8.4400E-07 2.56854 0.00445
8.4500E-07 2.56651 0.004069
8.4600E-07 2.56452 0.003721
8.4700E-07 2.56257 0.003402
8.4800E-07 2.56066 0.00311
8.4900E-07 2.55879 0.002844
8.5000E-07 2.55695 0.0026
8.5100E-07 2.55515 0.002378
8.5200E-07 2.55339 0.002174
8.5300E-07 2.55166 0.001988
8.5400E-07 2.54996 0.001817
8.5500E-07 2.5483 0.001662
8.5600E-07 2.54667 0.001519
8.5700E-07 2.54507 0.001389
8.5800E-07 2.5435 0.00127
8.5900E-07 2.54196 0.001161
8.6000E-07 2.54045 0.001062
8.6100E-07 2.53896 0.000971
8.6200E-07 2.53751 0.000888
8.6300E-07 2.53607 0.000812
8.6400E-07 2.53467 0.000742
8.6500E-07 2.53329 0.000679
8.6600E-07 2.53193 0.000621
8.6700E-07 2.53059 0.000567
8.6800E-07 2.52928 0.000519
8.6900E-07 2.52799 0.000474
8.7000E-07 2.52672 0.000434
8.7100E-07 2.52547 0.000397
8.7200E-07 2.52424 0.000363
8.7300E-07 2.52303 0.000332
8.7400E-07 2.52184 0.000303
8.7500E-07 2.52066 0.000277
8.7600E-07 2.51951 0.000253
8.7700E-07 2.51837 0.000232
8.7800E-07 2.51724 0.000212
8.7900E-07 2.51613 0.000194
8.8000E-07 2.51504 0.000177
8.8100E-07 2.51397 0.000162
8.8200E-07 2.51291 0.000148
8.8300E-07 2.51186 0.000135
8.8400E-07 2.51083 0.000124
8.8500E-07 2.50981 0.000113
8.8600E-07 2.5088 0.000103
8.8700E-07 2.50781 9.5e-05
8.8800E-07 2.50683 8.7e-05
8.8900E-07 2.50586 7.9e-05
8.9000E-07 2.5049 7.2e-05
8.9100E-07 2.50396 6.6e-05
8.9200E-07 2.50303 6e-05
8.9300E-07 2.50211 5.5e-05
8.9400E-07 2.5012 5.1e-05
8.9500E-07 2.5003 4.6e-05
8.9600E-07 2.49941 4.2e-05
8.9700E-07 2.49853 3.9e-05
8.9800E-07 2.49766 3.5e-05
8.9900E-07 2.4968 3.2e-05
9.0000E-07 2.49595 3e-05
9.0100E-07 2.49511 2.7e-05
9.0200E-07 2.49427 2.5e-05
9.0300E-07 2.49345 2.3e-05
9.0400E-07 2.49263 2.1e-05
9.0500E-07 2.49183 1.9e-05
9.0600E-07 2.49103 1.7e-05
9.0700E-07 2.49024 1.6e-05
9.0800E-07 2.48946 1.4e-05
9.0900E-07 2.48869 1.3e-05
9.1000E-07 2.48792 1.2e-05
9.1100E-07 2.48716 1.1e-05
9.1200E-07 2.48641 1e-05
9.1300E-07 2.48567 9e-06
9.1400E-07 2.48493 8e-06
9.1500E-07 2.4842 8e-06
9.1600E-07 2.48348 7e-06
9.1700E-07 2.48276 6e-06
9.1800E-07 2.48205 6e-06
9.1900E-07 2.48135 5e-06
9.2000E-07 2.48065 5e-06
9.2100E-07 2.47996 5e-06
9.2200E-07 2.47928 4e-06
9.2300E-07 2.4786 4e-06
9.2400E-07 2.47793 3e-06
9.2500E-07 2.47726 3e-06
9.2600E-07 2.4766 3e-06
9.2700E-07 2.47595 3e-06
9.2800E-07 2.4753 2e-06
9.2900E-07 2.47465 2e-06
9.3000E-07 2.47401 2e-06
9.3100E-07 2.47338 2e-06
9.3200E-07 2.47275 2e-06
9.3300E-07 2.47213 2e-06
9.3400E-07 2.47151 1e-06
9.3500E-07 2.4709 1e-06
9.3600E-07 2.47029 1e-06
9.3700E-07 2.46969 1e-06
9.3800E-07 2.46909 1e-06
9.3900E-07 2.4685 1e-06
9.4000E-07 2.46791 1e-06
9.4100E-07 2.46732 1e-06
9.4200E-07 2.46674 1e-06
9.4300E-07 2.46617 1e-06
9.4400E-07 2.4656 1e-06
9.4500E-07 2.46503 1e-06
9.4600E-07 2.46447 0
9.4700E-07 2.46391 0
9.4800E-07 2.46336 0
9.4900E-07 2.46281 0
9.5000E-07 2.46226 0
9.5100E-07 2.46172 0
9.5200E-07 2.46118 0
9.5300E-07 2.46065 0
9.5400E-07 2.46012 0
9.5500E-07 2.45959 0
9.5600E-07 2.45907 0
9.5700E-07 2.45855 0
9.5800E-07 2.45803 0
9.5900E-07 2.45752 0
9.6000E-07 2.45701 0
9.6100E-07 2.4565 0
9.6200E-07 2.456 0
9.6300E-07 2.45551 0
9.6400E-07 2.45501 0
9.6500E-07 2.45452 0
9.6600E-07 2.45403 0
9.6700E-07 2.45355 0
9.6800E-07 2.45307 0
9.6900E-07 2.45259 0
9.7000E-07 2.45211 0
9.7100E-07 2.45164 0
9.7200E-07 2.45117 0
9.7300E-07 2.4507 0
9.7400E-07 2.45024 0
9.7500E-07 2.44978 0
9.7600E-07 2.44932 0
9.7700E-07 2.44887 0
9.7800E-07 2.44842 0
9.7900E-07 2.44797 0
9.8000E-07 2.44752 0
9.8100E-07 2.44708 0
9.8200E-07 2.44664 0
9.8300E-07 2.4462 0
9.8400E-07 2.44577 0
9.8500E-07 2.44534 0
9.8600E-07 2.44491 0
9.8700E-07 2.44448 0
9.8800E-07 2.44406 0
9.8900E-07 2.44363 0
9.9000E-07 2.44321 0
9.9100E-07 2.4428 0
9.9200E-07 2.44238 0
9.9300E-07 2.44197 0
9.9400E-07 2.44156 0
9.9500E-07 2.44116 0
9.9600E-07 2.44075 0
9.9700E-07 2.44035 0
9.9800E-07 2.43995 0
9.9900E-07 2.43955 0
1.0000E-06 2.43916 0
1.0010E-06 2.43876 0
1.0020E-06 2.43837 0
1.0030E-06 2.43798 0
1.0040E-06 2.4376 0
1.0050E-06 2.43721 0
1.0060E-06 2.43683 0
1.0070E-06 2.43645 0
1.0080E-06 2.43607 0
1.0090E-06 2.4357 0
1.0100E-06 2.43533 0
1.0110E-06 2.43495 0
1.0120E-06 2.43459 0
1.0130E-06 2.43422 0
1.0140E-06 2.43385 0
1.0150E-06 2.43349 0
1.0160E-06 2.43313 0
1.0170E-06 2.43277 0
1.0180E-06 2.43241 0
1.0190E-06 2.43205 0
1.0200E-06 2.4317 0
1.0210E-06 2.43135 0
1.0220E-06 2.431 0
1.0230E-06 2.43065 0
1.0240E-06 2.43031 0
1.0250E-06 2.42996 0
1.0260E-06 2.42962 0
1.0270E-06 2.42928 0
1.0280E-06 2.42894 0
1.0290E-06 2.4286 0
1.0300E-06 2.42827 0
1.0310E-06 2.42793 0
1.0320E-06 2.4276 0
1.0330E-06 2.42727 0
1.0340E-06 2.42694 0
1.0350E-06 2.42661 0
1.0360E-06 2.42629 0
1.0370E-06 2.42596 0
1.0380E-06 2.42564 0
1.0390E-06 2.42532 0
1.0400E-06 2.425 0
1.0410E-06 2.42469 0
1.0420E-06 2.42437 0
1.0430E-06 2.42406 0
1.0440E-06 2.42374 0
1.0450E-06 2.42343 0
1.0460E-06 2.42312 0
1.0470E-06 2.42281 0
1.0480E-06 2.42251 0
1.0490E-06 2.4222 0
1.0500E-06 2.4219 0
1.0510E-06 2.4216 0
1.0520E-06 2.4213 0
1.0530E-06 2.421 0
1.0540E-06 2.4207 0
1.0550E-06 2.4204 0
1.0560E-06 2.42011 0
1.0570E-06 2.41982 0
1.0580E-06 2.41952 0
1.0590E-06 2.41923 0
1.0600E-06 2.41894 0
1.0610E-06 2.41866 0
1.0620E-06 2.41837 0
1.0630E-06 2.41808 0
1.0640E-06 2.4178 0
1.0650E-06 2.41752 0
1.0660E-06 2.41724 0
1.0670E-06 2.41696 0
1.0680E-06 2.41668 0
1.0690E-06 2.4164 0
1.0700E-06 2.41613 0
1.0710E-06 2.41585 0
1.0720E-06 2.41558 0
1.0730E-06 2.4153 0
1.0740E-06 2.41503 0
1.0750E-06 2.41476 0
1.0760E-06 2.4145 0
1.0770E-06 2.41423 0
1.0780E-06 2.41396 0
1.0790E-06 2.4137 0
1.0800E-06 2.41343 0
1.0810E-06 2.41317 0
1.0820E-06 2.41291 0
1.0830E-06 2.41265 0
1.0840E-06 2.41239 0
1.0850E-06 2.41213 0
1.0860E-06 2.41187 0
1.0870E-06 2.41162 0
1.0880E-06 2.41136 0
1.0890E-06 2.41111 0
1.0900E-06 2.41086 0
1.0910E-06 2.41061 0
1.0920E-06 2.41036 0
1.0930E-06 2.41011 0
1.0940E-06 2.40986 0
1.0950E-06 2.40961 0
1.0960E-06 2.40937 0
1.0970E-06 2.40912 0
1.0980E-06 2.40888 0
1.0990E-06 2.40864 0
1.1000E-06 2.40839 0
1.1010E-06 2.40815 0
1.1020E-06 2.40791 0
1.1030E-06 2.40768 0
1.1040E-06 2.40744 0
1.1050E-06 2.4072 0
1.1060E-06 2.40697 0
1.1070E-06 2.40673 0
1.1080E-06 2.4065 0
1.1090E-06 2.40626 0
1.1100E-06 2.40603 0
1.1110E-06 2.4058 0
1.1120E-06 2.40557 0
1.1130E-06 2.40534 0
1.1140E-06 2.40512 0
1.1150E-06 2.40489 0
1.1160E-06 2.40466 0
1.1170E-06 2.40444 0
1.1180E-06 2.40422 0
1.1190E-06 2.40399 0
1.1200E-06 2.40377 0
1.1210E-06 2.40355 0
1.1220E-06 2.40333 0
1.1230E-06 2.40311 0
1.1240E-06 2.40289 0
1.1250E-06 2.40267 0
1.1260E-06 2.40245 0
1.1270E-06 2.40224 0
1.1280E-06 2.40202 0
1.1290E-06 2.40181 0
1.1300E-06 2.40159 0
1.1310E-06 2.40138 0
1.1320E-06 2.40117 0
1.1330E-06 2.40096 0
1.1340E-06 2.40075 0
1.1350E-06 2.40054 0
1.1360E-06 2.40033 0
1.1370E-06 2.40013 0
1.1380E-06 2.39992 0
1.1390E-06 2.39971 0
1.1400E-06 2.39951 0
1.1410E-06 2.3993 0
1.1420E-06 2.3991 0
1.1430E-06 2.3989 0
1.1440E-06 2.39869 0
1.1450E-06 2.39849 0
1.1460E-06 2.39829 0
1.1470E-06 2.39809 0
1.1480E-06 2.39789 0
1.1490E-06 2.3977 0
1.1500E-06 2.3975 0
1.1510E-06 2.3973 0
1.1520E-06 2.39711 0
1.1530E-06 2.39691 0
1.1540E-06 2.39672 0
1.1550E-06 2.39652 0
1.1560E-06 2.39633 0
1.1570E-06 2.39614 0
1.1580E-06 2.39595 0
1.1590E-06 2.39576 0
1.1600E-06 2.39557 0
1.1610E-06 2.39538 0
1.1620E-06 2.39519 0
1.1630E-06 2.395 0
1.1640E-06 2.39481 0
1.1650E-06 2.39463 0
1.1660E-06 2.39444 0
1.1670E-06 2.39426 0
1.1680E-06 2.39407 0
1.1690E-06 2.39389 0
1.1700E-06 2.39371 0
1.1710E-06 2.39352 0
1.1720E-06 2.39334 0
1.1730E-06 2.39316 0
1.1740E-06 2.39298 0
1.1750E-06 2.3928 0
1.1760E-06 2.39262 0
1.1770E-06 2.39244 0
1.1780E-06 2.39226 0
1.1790E-06 2.39209 0
1.1800E-06 2.39191 0
1.1810E-06 2.39174 0
1.1820E-06 2.39156 0
1.1830E-06 2.39139 0
1.1840E-06 2.39121 0
1.1850E-06 2.39104 0
1.1860E-06 2.39087 0
1.1870E-06 2.39069 0
1.1880E-06 2.39052 0
1.1890E-06 2.39035 0
1.1900E-06 2.39018 0
1.1910E-06 2.39001 0
1.1920E-06 2.38984 0
1.1930E-06 2.38967 0
1.1940E-06 2.38951 0
1.1950E-06 2.38934 0
1.1960E-06 2.38917 0
1.1970E-06 2.38901 0
1.1980E-06 2.38884 0
1.1990E-06 2.38868 0
1.2000E-06 2.38851 0
1.2010E-06 2.38835 0
1.2020E-06 2.38819 0
1.2030E-06 2.38802 0
1.2040E-06 2.38786 0
1.2050E-06 2.3877 0
1.2060E-06 2.38754 0
1.2070E-06 2.38738 0
1.2080E-06 2.38722 0
1.2090E-06 2.38706 0
1.2100E-06 2.3869 0
1.2110E-06 2.38674 0
1.2120E-06 2.38659 0
1.2130E-06 2.38643 0
1.2140E-06 2.38627 0
1.2150E-06 2.38612 0
1.2160E-06 2.38596 0
1.2170E-06 2.3858 0
1.2180E-06 2.38565 0
1.2190E-06 2.3855 0
1.2200E-06 2.38534 0
1.2210E-06 2.38519 0
1.2220E-06 2.38504 0
1.2230E-06 2.38489 0
1.2240E-06 2.38474 0
1.2250E-06 2.38458 0
1.2260E-06 2.38443 0
1.2270E-06 2.38429 0
1.2280E-06 2.38414 0
1.2290E-06 2.38399 0
1.2300E-06 2.38384 0
1.2310E-06 2.38369 0
1.2320E-06 2.38354 0
1.2330E-06 2.3834 0
1.2340E-06 2.38325 0
1.2350E-06 2.38311 0
1.2360E-06 2.38296 0
1.2370E-06 2.38281 0
1.2380E-06 2.38267 0
1.2390E-06 2.38253 0
1.2400E-06 2.38238 0
1.2410E-06 2.38224 0
1.2420E-06 2.3821 0
1.2430E-06 2.38196 0
1.2440E-06 2.38181 0
1.2450E-06 2.38167 0
1.2460E-06 2.38153 0
1.2470E-06 2.38139 0
1.2480E-06 2.38125 0
1.2490E-06 2.38111 0
1.2500E-06 2.38097 0
1.2510E-06 2.38084 0
1.2520E-06 2.3807 0
1.2530E-06 2.38056 0
1.2540E-06 2.38042 0
1.2550E-06 2.38029 0
1.2560E-06 2.38015 0
1.2570E-06 2.38002 0
1.2580E-06 2.37988 0
1.2590E-06 2.37975 0
1.2600E-06 2.37961 0
1.2610E-06 2.37948 0
1.2620E-06 2.37934 0
1.2630E-06 2.37921 0
1.2640E-06 2.37908 0
1.2650E-06 2.37894 0
1.2660E-06 2.37881 0
1.2670E-06 2.37868 0
1.2680E-06 2.37855 0
1.2690E-06 2.37842 0
1.2700E-06 2.37829 0
1.2710E-06 2.37816 0
1.2720E-06 2.37803 0
1.2730E-06 2.3779 0
1.2740E-06 2.37777 0
1.2750E-06 2.37764 0
1.2760E-06 2.37752 0
1.2770E-06 2.37739 0
1.2780E-06 2.37726 0
1.2790E-06 2.37714 0
1.2800E-06 2.37701 0
1.2810E-06 2.37689 0
1.2820E-06 2.37676 0
1.2830E-06 2.37663 0
1.2840E-06 2.37651 0
1.2850E-06 2.37638 0
1.2860E-06 2.37626 0
1.2870E-06 2.37614 0
1.2880E-06 2.37602 0
1.2890E-06 2.37589 0
1.2900E-06 2.37577 0
1.2910E-06 2.37565 0
1.2920E-06 2.37553 0
1.2930E-06 2.37541 0
1.2940E-06 2.37528 0
1.2950E-06 2.37516 0
1.2960E-06 2.37504 0
1.2970E-06 2.37492 0
1.2980E-06 2.3748 0
1.2990E-06 2.37468 0
