lambda n k
2.5000E-07 0.19211 0.798987
2.5100E-07 0.451224 0.802471
2.5200E-07 0.639255 0.806046
2.5300E-07 0.742859 0.809772
2.5400E-07 0.81499 0.813709
2.5500E-07 0.870438 0.817863
2.5600E-07 0.915531 0.822171
2.5700E-07 0.953591 0.826572
2.5800E-07 0.986581 0.83107
2.5900E-07 1.01575 0.835713
2.6000E-07 1.04197 0.840528
2.6100E-07 1.06584 0.845505
2.6200E-07 1.08782 0.850611
2.6300E-07 1.10823 0.855782
2.6400E-07 1.12732 0.860924
2.6500E-07 1.14529 0.86599
2.6600E-07 1.16233 0.871114
2.6700E-07 1.1786 0.876497
2.6800E-07 1.19419 0.882157
2.6900E-07 1.2092 0.887885
2.7000E-07 1.22374 0.893501
2.7100E-07 1.23787 0.898996
2.7200E-07 1.25165 0.904481
2.7300E-07 1.2651 0.910044
2.7400E-07 1.27825 0.915672
2.7500E-07 1.29114 0.921306
2.7600E-07 1.30383 0.92691
2.7700E-07 1.31637 0.932518
2.7800E-07 1.32879 0.938199
2.7900E-07 1.34113 0.943968
2.8000E-07 1.35337 0.949733
2.8100E-07 1.36553 0.955344
2.8200E-07 1.37763 0.960734
2.8300E-07 1.38969 0.965997
2.8400E-07 1.40174 0.971321
2.8500E-07 1.41378 0.976815
2.8600E-07 1.42581 0.982386
2.8700E-07 1.43784 0.987822
2.8800E-07 1.44992 0.99301
2.8900E-07 1.46207 0.998046
2.9000E-07 1.47432 1.00311
2.9100E-07 1.48667 1.00831
2.9200E-07 1.49912 1.01356
2.9300E-07 1.51168 1.01866
2.9400E-07 1.52437 1.02343
2.9500E-07 1.53719 1.02782
2.9600E-07 1.55013 1.03196
2.9700E-07 1.5632 1.03601
2.9800E-07 1.57639 1.04003
2.9900E-07 1.58969 1.04393
3.0000E-07 1.60311 1.04756
3.0100E-07 1.61665 1.05078
3.0200E-07 1.6303 1.05357
3.0300E-07 1.64404 1.05596
3.0400E-07 1.65784 1.05803
3.0500E-07 1.67167 1.05979
3.0600E-07 1.68552 1.06123
3.0700E-07 1.69937 1.06232
3.0800E-07 1.71321 1.06303
3.0900E-07 1.72704 1.06336
3.1000E-07 1.74082 1.06329
3.1100E-07 1.75453 1.06283
3.1200E-07 1.76815 1.06197
3.1300E-07 1.78166 1.06075
3.1400E-07 1.79507 1.05921
3.1500E-07 1.80835 1.05739
3.1600E-07 1.82152 1.0553
3.1700E-07 1.83454 1.0529
3.1800E-07 1.8474 1.05017
3.1900E-07 1.86009 1.04705
3.2000E-07 1.8726 1.04354
3.2100E-07 1.88489 1.03968
3.2200E-07 1.89696 1.03553
3.2300E-07 1.90878 1.03114
3.2400E-07 1.92036 1.02655
3.2500E-07 1.93169 1.02178
3.2600E-07 1.94279 1.01686
3.2700E-07 1.95367 1.01178
3.2800E-07 1.96431 1.00656
3.2900E-07 1.97472 1.00114
3.3000E-07 1.98487 0.995476
3.3100E-07 1.99473 0.989546
3.3200E-07 2.00432 0.983353
3.3300E-07 2.01361 0.976992
3.3400E-07 2.02263 0.970591
3.3500E-07 2.0314 0.964263
3.3600E-07 2.03993 0.958073
3.3700E-07 2.04823 0.951977
3.3800E-07 2.0563 0.945836
3.3900E-07 2.06415 0.939516
3.4000E-07 2.07176 0.932923
3.4100E-07 2.0791 0.926046
3.4200E-07 2.08619 0.919027
3.4300E-07 2.093 0.912046
3.4400E-07 2.09956 0.905244
3.4500E-07 2.1059 0.898731
3.4600E-07 2.11202 0.892478
3.4700E-07 2.11796 0.886334
3.4800E-07 2.12376 0.880195
3.4900E-07 2.12942 0.873974
3.5000E-07 2.13493 0.867632
3.5100E-07 2.14029 0.861217
3.5200E-07 2.14548 0.85479
3.5300E-07 2.15049 0.848407
3.5400E-07 2.15534 0.84211
3.5500E-07 2.16002 0.835919
3.5600E-07 2.16456 0.829827
3.5700E-07 2.16897 0.823819
3.5800E-07 2.17327 0.817883
3.5900E-07 2.17747 0.812004
3.6000E-07 2.18158 0.806154
3.6100E-07 2.18558 0.800289
3.6200E-07 2.18947 0.794364
3.6300E-07 2.19322 0.788343
3.6400E-07 2.19681 0.782198
3.6500E-07 2.20022 0.775928
3.6600E-07 2.20345 0.769597
3.6700E-07 2.20647 0.763261
3.6800E-07 2.20926 0.756964
3.6900E-07 2.21184 0.750747
3.7000E-07 2.21418 0.74464
3.7100E-07 2.21632 0.738666
3.7200E-07 2.21826 0.732842
3.7300E-07 2.22002 0.727187
3.7400E-07 2.22161 0.721717
3.7500E-07 2.22305 0.716447
3.7600E-07 2.22436 0.711389
3.7700E-07 2.22555 0.706555
3.7800E-07 2.22666 0.701956
3.7900E-07 2.22769 0.6976
3.8000E-07 2.22869 0.693492
3.8100E-07 2.22965 0.689625
3.8200E-07 2.23061 0.685975
3.8300E-07 2.23157 0.682518
3.8400E-07 2.23256 0.679233
3.8500E-07 2.23358 0.676104
3.8600E-07 2.23464 0.673107
3.8700E-07 2.23575 0.67023
3.8800E-07 2.23692 0.667466
3.8900E-07 2.23813 0.664805
3.9000E-07 2.23941 0.662239
3.9100E-07 2.24075 0.659759
3.9200E-07 2.24214 0.657355
3.9300E-07 2.24361 0.655013
3.9400E-07 2.24513 0.652722
3.9500E-07 2.24672 0.650468
3.9600E-07 2.24837 0.648239
3.9700E-07 2.25008 0.646026
3.9800E-07 2.25184 0.643823
3.9900E-07 2.25365 0.641629
4.0000E-07 2.25552 0.639447
4.0100E-07 2.25743 0.63728
4.0200E-07 2.2594 0.635127
4.0300E-07 2.26141 0.63299
4.0400E-07 2.26348 0.630867
4.0500E-07 2.2656 0.628744
4.0600E-07 2.26777 0.626607
4.0700E-07 2.26998 0.62444
4.0800E-07 2.27224 0.622232
4.0900E-07 2.27454 0.619972
4.1000E-07 2.27687 0.617653
4.1100E-07 2.27923 0.615272
4.1200E-07 2.28161 0.612834
4.1300E-07 2.284 0.610344
4.1400E-07 2.2864 0.607804
4.1500E-07 2.28882 0.605218
4.1600E-07 2.29123 0.602588
4.1700E-07 2.29365 0.599913
4.1800E-07 2.29606 0.597189
4.1900E-07 2.29847 0.594408
4.2000E-07 2.30087 0.591565
4.2100E-07 2.30325 0.588653
4.2200E-07 2.30561 0.585669
4.2300E-07 2.30794 0.582609
4.2400E-07 2.31023 0.579473
4.2500E-07 2.31248 0.576275
4.2600E-07 2.31469 0.573027
4.2700E-07 2.31685 0.56974
4.2800E-07 2.31896 0.566424
4.2900E-07 2.32102 0.563088
4.3000E-07 2.32302 0.559738
4.3100E-07 2.32498 0.556378
4.3200E-07 2.32689 0.553003
4.3300E-07 2.32875 0.549611
4.3400E-07 2.33056 0.546197
4.3500E-07 2.33232 0.542759
4.3600E-07 2.33403 0.539294
4.3700E-07 2.33568 0.535802
4.3800E-07 2.33727 0.532283
4.3900E-07 2.33881 0.528746
4.4000E-07 2.34029 0.525201
4.4100E-07 2.3417 0.521656
4.4200E-07 2.34306 0.51812
4.4300E-07 2.34435 0.514602
4.4400E-07 2.3456 0.511109
4.4500E-07 2.34679 0.507646
4.4600E-07 2.34793 0.504211
4.4700E-07 2.34902 0.500799
4.4800E-07 2.35007 0.497407
4.4900E-07 2.35108 0.494028
4.5000E-07 2.35205 0.490659
4.5100E-07 2.35298 0.487298
4.5200E-07 2.35386 0.483941
4.5300E-07 2.3547 0.480587
4.5400E-07 2.3555 0.477239
4.5500E-07 2.35625 0.473901
4.5600E-07 2.35695 0.470574
4.5700E-07 2.35761 0.467263
4.5800E-07 2.35822 0.463972
4.5900E-07 2.35878 0.460702
4.6000E-07 2.35929 0.457457
4.6100E-07 2.35976 0.454241
4.6200E-07 2.36018 0.451055
4.6300E-07 2.36057 0.447907
4.6400E-07 2.36091 0.4448
4.6500E-07 2.36121 0.441737
4.6600E-07 2.36148 0.438721
4.6700E-07 2.36172 0.435756
4.6800E-07 2.36193 0.432845
4.6900E-07 2.36213 0.429988
4.7000E-07 2.3623 0.42718
4.7100E-07 2.36246 0.424416
4.7200E-07 2.3626 0.421687
4.7300E-07 2.36273 0.418987
4.7400E-07 2.36285 0.41631
4.7500E-07 2.36296 0.41365
4.7600E-07 2.36305 0.411002
4.7700E-07 2.36312 0.408361
4.7800E-07 2.36317 0.405726
4.7900E-07 2.36321 0.403101
4.8000E-07 2.36322 0.400493
4.8100E-07 2.36321 0.397907
4.8200E-07 2.36317 0.395348
4.8300E-07 2.36311 0.392823
4.8400E-07 2.36303 0.390335
4.8500E-07 2.36293 0.38789
4.8600E-07 2.36281 0.38549
4.8700E-07 2.36268 0.383135
4.8800E-07 2.36254 0.380823
4.8900E-07 2.36239 0.378549
4.9000E-07 2.36223 0.37631
4.9100E-07 2.36207 0.374101
4.9200E-07 2.3619 0.371919
4.9300E-07 2.36173 0.369761
4.9400E-07 2.36155 0.367623
4.9500E-07 2.36137 0.365502
4.9600E-07 2.36118 0.363398
4.9700E-07 2.36098 0.361309
4.9800E-07 2.36078 0.359237
4.9900E-07 2.36057 0.357185
5.0000E-07 2.36035 0.355151
5.0100E-07 2.36012 0.353137
5.0200E-07 2.35988 0.351145
5.0300E-07 2.35964 0.349175
5.0400E-07 2.35938 0.347227
5.0500E-07 2.35911 0.345302
5.0600E-07 2.35884 0.343402
5.0700E-07 2.35856 0.341526
5.0800E-07 2.35827 0.339674
5.0900E-07 2.35797 0.337847
5.1000E-07 2.35767 0.336046
5.1100E-07 2.35736 0.33427
5.1200E-07 2.35704 0.33252
5.1300E-07 2.35672 0.330797
5.1400E-07 2.3564 0.3291
5.1500E-07 2.35607 0.32743
5.1600E-07 2.35574 0.325787
5.1700E-07 2.35541 0.324168
5.1800E-07 2.35507 0.322574
5.1900E-07 2.35474 0.321003
5.2000E-07 2.3544 0.319454
5.2100E-07 2.35407 0.317926
5.2200E-07 2.35373 0.31642
5.2300E-07 2.35339 0.314933
5.2400E-07 2.35305 0.313466
5.2500E-07 2.35271 0.312016
5.2600E-07 2.35237 0.310585
5.2700E-07 2.35203 0.309173
5.2800E-07 2.35169 0.307781
5.2900E-07 2.35134 0.30641
5.3000E-07 2.35099 0.305062
5.3100E-07 2.35065 0.303736
5.3200E-07 2.3503 0.302434
5.3300E-07 2.34995 0.301157
5.3400E-07 2.3496 0.299905
5.3500E-07 2.34925 0.298679
5.3600E-07 2.3489 0.29748
5.3700E-07 2.34856 0.296307
5.3800E-07 2.34822 0.295161
5.3900E-07 2.34788 0.29404
5.4000E-07 2.34755 0.292945
5.4100E-07 2.34723 0.291874
5.4200E-07 2.34691 0.290828
5.4300E-07 2.34659 0.289805
5.4400E-07 2.34629 0.288806
5.4500E-07 2.34599 0.287829
5.4600E-07 2.3457 0.286874
5.4700E-07 2.34542 0.28594
5.4800E-07 2.34514 0.285028
5.4900E-07 2.34488 0.284137
5.5000E-07 2.34462 0.283268
5.5100E-07 2.34437 0.282421
5.5200E-07 2.34413 0.281595
5.5300E-07 2.34391 0.280792
5.5400E-07 2.34369 0.280011
5.5500E-07 2.34348 0.279252
5.5600E-07 2.34329 0.278515
5.5700E-07 2.3431 0.277801
5.5800E-07 2.34293 0.277109
5.5900E-07 2.34278 0.276439
5.6000E-07 2.34263 0.275793
5.6100E-07 2.3425 0.275168
5.6200E-07 2.34239 0.274565
5.6300E-07 2.34229 0.273983
5.6400E-07 2.3422 0.273422
5.6500E-07 2.34214 0.272882
5.6600E-07 2.34209 0.272363
5.6700E-07 2.34206 0.271864
5.6800E-07 2.34204 0.271384
5.6900E-07 2.34205 0.270925
5.7000E-07 2.34207 0.270484
5.7100E-07 2.34211 0.270061
5.7200E-07 2.34217 0.269658
5.7300E-07 2.34225 0.269275
5.7400E-07 2.34235 0.268911
5.7500E-07 2.34248 0.268568
5.7600E-07 2.34262 0.268247
5.7700E-07 2.34279 0.267947
5.7800E-07 2.34298 0.26767
5.7900E-07 2.3432 0.267416
5.8000E-07 2.34345 0.267186
5.8100E-07 2.34372 0.266979
5.8200E-07 2.34402 0.266796
5.8300E-07 2.34435 0.266639
5.8400E-07 2.34471 0.266506
5.8500E-07 2.34511 0.266399
5.8600E-07 2.34554 0.266317
5.8700E-07 2.34601 0.26626
5.8800E-07 2.34652 0.266227
5.8900E-07 2.34707 0.266219
5.9000E-07 2.34767 0.266235
5.9100E-07 2.34831 0.266276
5.9200E-07 2.34901 0.26634
5.9300E-07 2.34976 0.266428
5.9400E-07 2.35056 0.26654
5.9500E-07 2.35142 0.266675
5.9600E-07 2.35235 0.266832
5.9700E-07 2.35334 0.267013
5.9800E-07 2.35442 0.267216
5.9900E-07 2.35562 0.267447
6.0000E-07 2.35686 0.267734
6.0100E-07 2.35785 0.267943
6.0200E-07 2.35905 0.267767
6.0300E-07 2.36072 0.267761
6.0400E-07 2.36255 0.26799
6.0500E-07 2.36415 0.268495
6.0600E-07 2.36544 0.268723
6.0700E-07 2.36693 0.268578
6.0800E-07 2.36885 0.268295
6.0900E-07 2.37082 0.268182
6.1000E-07 2.37272 0.268
6.1100E-07 2.37485 0.267839
6.1200E-07 2.37678 0.267792
6.1300E-07 2.37871 0.267418
6.1400E-07 2.3815 0.26708
6.1500E-07 2.384 0.267394
6.1600E-07 2.38584 0.267148
6.1700E-07 2.38819 0.266441
6.1800E-07 2.39084 0.265684
6.1900E-07 2.39355 0.264825
6.2000E-07 2.3965 0.263979
6.2100E-07 2.39872 0.263228
6.2200E-07 2.401 0.261513
6.2300E-07 2.40423 0.260001
6.2400E-07 2.40761 0.258864
6.2500E-07 2.41063 0.258141
6.2600E-07 2.41328 0.257121
6.2700E-07 2.41621 0.255756
6.2800E-07 2.41938 0.254226
6.2900E-07 2.42261 0.252494
6.3000E-07 2.42574 0.250565
6.3100E-07 2.42884 0.248208
6.3200E-07 2.43232 0.245598
6.3300E-07 2.4359 0.243069
6.3400E-07 2.43951 0.240409
6.3500E-07 2.44286 0.237755
6.3600E-07 2.4455 0.234491
6.3700E-07 2.44853 0.230302
6.3800E-07 2.4525 0.22609
6.3900E-07 2.45577 0.222291
6.4000E-07 2.45841 0.217745
6.4100E-07 2.46117 0.212884
6.4200E-07 2.46383 0.207551
6.4300E-07 2.4664 0.202051
6.4400E-07 2.46935 0.196293
6.4500E-07 2.47203 0.191102
6.4600E-07 2.4734 0.185476
6.4700E-07 2.47473 0.17892
6.4800E-07 2.4764 0.172115
6.4900E-07 2.47793 0.165207
6.5000E-07 2.47899 0.158371
6.5100E-07 2.47964 0.151285
6.5200E-07 2.48041 0.144178
6.5300E-07 2.48006 0.137276
6.5400E-07 2.47789 0.129382
6.5500E-07 2.47728 0.120171
6.5600E-07 2.47818 0.112747
6.5700E-07 2.47699 0.1067
6.5800E-07 2.47503 0.100435
6.5900E-07 2.4736 0.094729
6.6000E-07 2.47116 0.089427
6.6100E-07 2.46814 0.083513
6.6200E-07 2.4653 0.077408
6.6300E-07 2.46273 0.071236
6.6400E-07 2.46073 0.065668
6.6500E-07 2.45815 0.061093
6.6600E-07 2.45458 0.056615
6.6700E-07 2.45096 0.051997
6.6800E-07 2.44781 0.047499
6.6900E-07 2.44461 0.043545
6.7000E-07 2.44102 0.039799
6.7100E-07 2.43742 0.036223
6.7200E-07 2.4338 0.032889
6.7300E-07 2.43012 0.029757
6.7400E-07 2.42656 0.026846
6.7500E-07 2.42308 0.024314
6.7600E-07 2.41954 0.022102
6.7700E-07 2.41585 0.020121
6.7800E-07 2.41214 0.018173
6.7900E-07 2.40864 0.016344
6.8000E-07 2.40521 0.014712
6.8100E-07 2.40179 0.013202
6.8200E-07 2.39838 0.011836
6.8300E-07 2.39496 0.010526
6.8400E-07 2.39178 0.009287
6.8500E-07 2.38873 0.008315
6.8600E-07 2.38552 0.007481
6.8700E-07 2.3823 0.006629
6.8800E-07 2.37931 0.005814
6.8900E-07 2.37651 0.005163
6.9000E-07 2.37367 0.004698
6.9100E-07 2.37075 0.004235
6.9200E-07 2.36799 0.00377
6.9300E-07 2.36541 0.003385
6.9400E-07 2.36288 0.003113
6.9500E-07 2.36032 0.002891
6.9600E-07 2.35781 0.002632
6.9700E-07 2.35544 0.002392
6.9800E-07 2.35311 0.002174
6.9900E-07 2.35084 0.001967
7.0000E-07 2.34862 0.001766
7.0100E-07 2.34645 0.001577
7.0200E-07 2.34434 0.001399
7.0300E-07 2.34228 0.001242
7.0400E-07 2.34028 0.001113
7.0500E-07 2.3383 0.001004
7.0600E-07 2.33637 0.000912
7.0700E-07 2.33447 0.000825
7.0800E-07 2.33261 0.000743
7.0900E-07 2.3308 0.000668
7.1000E-07 2.32903 0.000602
7.1100E-07 2.32728 0.000542
7.1200E-07 2.32558 0.000488
7.1300E-07 2.32391 0.000439
7.1400E-07 2.32227 0.000395
7.1500E-07 2.32066 0.000356
7.1600E-07 2.31909 0.00032
7.1700E-07 2.31754 0.000289
7.1800E-07 2.31602 0.00026
7.1900E-07 2.31453 0.000234
7.2000E-07 2.31306 0.000211
7.2100E-07 2.31162 0.00019
7.2200E-07 2.3102 0.000171
7.2300E-07 2.30881 0.000154
7.2400E-07 2.30744 0.000139
7.2500E-07 2.3061 0.000125
7.2600E-07 2.30477 0.000113
7.2700E-07 2.30347 0.000101
7.2800E-07 2.30219 9.1e-05
7.2900E-07 2.30092 8.2e-05
7.3000E-07 2.29968 7.4e-05
7.3100E-07 2.29845 6.7e-05
7.3200E-07 2.29725 6e-05
7.3300E-07 2.29606 5.4e-05
7.3400E-07 2.29488 4.9e-05
7.3500E-07 2.29373 4.4e-05
7.3600E-07 2.29259 4e-05
7.3700E-07 2.29147 3.6e-05
7.3800E-07 2.29036 3.2e-05
7.3900E-07 2.28926 2.9e-05
7.4000E-07 2.28819 2.6e-05
7.4100E-07 2.28712 2.3e-05
7.4200E-07 2.28607 2.1e-05
7.4300E-07 2.28504 1.9e-05
7.4400E-07 2.28401 1.7e-05
7.4500E-07 2.283 1.5e-05
7.4600E-07 2.282 1.4e-05
7.4700E-07 2.28102 1.3e-05
7.4800E-07 2.28004 1.1e-05
7.4900E-07 2.27908 1e-05
7.5000E-07 2.27813 9e-06
7.5100E-07 2.27719 8e-06
7.5200E-07 2.27626 7e-06
7.5300E-07 2.27535 7e-06
7.5400E-07 2.27444 6e-06
7.5500E-07 2.27354 5e-06
7.5600E-07 2.27266 5e-06
7.5700E-07 2.27178 4e-06
7.5800E-07 2.27091 4e-06
7.5900E-07 2.27006 4e-06
7.6000E-07 2.26921 3e-06
7.6100E-07 2.26837 3e-06
7.6200E-07 2.26754 3e-06
7.6300E-07 2.26672 2e-06
7.6400E-07 2.26591 2e-06
7.6500E-07 2.2651 2e-06
7.6600E-07 2.2643 2e-06
7.6700E-07 2.26352 2e-06
7.6800E-07 2.26274 1e-06
7.6900E-07 2.26197 1e-06
7.7000E-07 2.2612 1e-06
7.7100E-07 2.26044 1e-06
7.7200E-07 2.25969 1e-06
7.7300E-07 2.25895 1e-06
7.7400E-07 2.25822 1e-06
7.7500E-07 2.25749 1e-06
7.7600E-07 2.25677 1e-06
7.7700E-07 2.25605 1e-06
7.7800E-07 2.25535 0
7.7900E-07 2.25465 0
7.8000E-07 2.25395 0
7.8100E-07 2.25326 0
7.8200E-07 2.25258 0
7.8300E-07 2.25191 0
7.8400E-07 2.25124 0
7.8500E-07 2.25057 0
7.8600E-07 2.24992 0
7.8700E-07 2.24926 0
7.8800E-07 2.24862 0
7.8900E-07 2.24798 0
7.9000E-07 2.24734 0
7.9100E-07 2.24671 0
7.9200E-07 2.24609 0
7.9300E-07 2.24547 0
7.9400E-07 2.24486 0
7.9500E-07 2.24425 0
7.9600E-07 2.24365 0
7.9700E-07 2.24305 0
7.9800E-07 2.24245 0
7.9900E-07 2.24187 0
8.0000E-07 2.24128 0
8.0100E-07 2.2407 0
8.0200E-07 2.24013 0
8.0300E-07 2.23956 0
8.0400E-07 2.23899 0
8.0500E-07 2.23843 0
8.0600E-07 2.23788 0
8.0700E-07 2.23732 0
8.0800E-07 2.23678 0
8.0900E-07 2.23623 0
8.1000E-07 2.2357 0
8.1100E-07 2.23516 0
8.1200E-07 2.23463 0
8.1300E-07 2.2341 0
8.1400E-07 2.23358 0
8.1500E-07 2.23306 0
8.1600E-07 2.23255 0
8.1700E-07 2.23204 0
8.1800E-07 2.23153 0
8.1900E-07 2.23102 0
8.2000E-07 2.23052 0
8.2100E-07 2.23003 0
8.2200E-07 2.22953 0
8.2300E-07 2.22905 0
8.2400E-07 2.22856 0
8.2500E-07 2.22808 0
8.2600E-07 2.2276 0
8.2700E-07 2.22712 0
8.2800E-07 2.22665 0
8.2900E-07 2.22618 0
8.3000E-07 2.22572 0
8.3100E-07 2.22526 0
8.3200E-07 2.2248 0
8.3300E-07 2.22434 0
8.3400E-07 2.22389 0
8.3500E-07 2.22344 0
8.3600E-07 2.22299 0
8.3700E-07 2.22255 0
8.3800E-07 2.22211 0
8.3900E-07 2.22167 0
8.4000E-07 2.22124 0
8.4100E-07 2.22081 0
8.4200E-07 2.22038 0
8.4300E-07 2.21995 0
8.4400E-07 2.21953 0
8.4500E-07 2.21911 0
8.4600E-07 2.21869 0
8.4700E-07 2.21828 0
8.4800E-07 2.21787 0
8.4900E-07 2.21746 0
8.5000E-07 2.21705 0
8.5100E-07 2.21665 0
8.5200E-07 2.21624 0
8.5300E-07 2.21584 0
8.5400E-07 2.21545 0
8.5500E-07 2.21505 0
8.5600E-07 2.21466 0
8.5700E-07 2.21427 0
8.5800E-07 2.21389 0
8.5900E-07 2.2135 0
8.6000E-07 2.21312 0
8.6100E-07 2.21274 0
8.6200E-07 2.21237 0
8.6300E-07 2.21199 0
8.6400E-07 2.21162 0
8.6500E-07 2.21125 0
8.6600E-07 2.21088 0
8.6700E-07 2.21052 0
8.6800E-07 2.21015 0
8.6900E-07 2.20979 0
8.7000E-07 2.20943 0
8.7100E-07 2.20907 0
8.7200E-07 2.20872 0
8.7300E-07 2.20837 0
8.7400E-07 2.20802 0
8.7500E-07 2.20767 0
8.7600E-07 2.20732 0
8.7700E-07 2.20698 0
8.7800E-07 2.20663 0
8.7900E-07 2.20629 0
8.8000E-07 2.20596 0
8.8100E-07 2.20562 0
8.8200E-07 2.20528 0
8.8300E-07 2.20495 0
8.8400E-07 2.20462 0
8.8500E-07 2.20429 0
8.8600E-07 2.20397 0
8.8700E-07 2.20364 0
8.8800E-07 2.20332 0
8.8900E-07 2.203 0
8.9000E-07 2.20268 0
8.9100E-07 2.20236 0
8.9200E-07 2.20204 0
8.9300E-07 2.20173 0
8.9400E-07 2.20142 0
8.9500E-07 2.20111 0
8.9600E-07 2.2008 0
8.9700E-07 2.20049 0
8.9800E-07 2.20018 0
8.9900E-07 2.19988 0
9.0000E-07 2.19958 0
9.0100E-07 2.19928 0
9.0200E-07 2.19898 0
9.0300E-07 2.19868 0
9.0400E-07 2.19838 0
9.0500E-07 2.19809 0
9.0600E-07 2.1978 0
9.0700E-07 2.19751 0
9.0800E-07 2.19722 0
9.0900E-07 2.19693 0
9.1000E-07 2.19664 0
9.1100E-07 2.19636 0
9.1200E-07 2.19607 0
9.1300E-07 2.19579 0
9.1400E-07 2.19551 0
9.1500E-07 2.19523 0
9.1600E-07 2.19495 0
9.1700E-07 2.19468 0
9.1800E-07 2.1944 0
9.1900E-07 2.19413 0
9.2000E-07 2.19386 0
9.2100E-07 2.19359 0
9.2200E-07 2.19332 0
9.2300E-07 2.19305 0
9.2400E-07 2.19278 0
9.2500E-07 2.19252 0
9.2600E-07 2.19225 0
9.2700E-07 2.19199 0
9.2800E-07 2.19173 0
9.2900E-07 2.19147 0
9.3000E-07 2.19121 0
9.3100E-07 2.19096 0
9.3200E-07 2.1907 0
9.3300E-07 2.19045 0
9.3400E-07 2.19019 0
9.3500E-07 2.18994 0
9.3600E-07 2.18969 0
9.3700E-07 2.18944 0
9.3800E-07 2.18919 0
9.3900E-07 2.18894 0
9.4000E-07 2.1887 0
9.4100E-07 2.18845 0
9.4200E-07 2.18821 0
9.4300E-07 2.18797 0
9.4400E-07 2.18773 0
9.4500E-07 2.18749 0
9.4600E-07 2.18725 0
9.4700E-07 2.18701 0
9.4800E-07 2.18677 0
9.4900E-07 2.18654 0
9.5000E-07 2.1863 0
9.5100E-07 2.18607 0
9.5200E-07 2.18584 0
9.5300E-07 2.18561 0
9.5400E-07 2.18538 0
9.5500E-07 2.18515 0
9.5600E-07 2.18492 0
9.5700E-07 2.1847 0
9.5800E-07 2.18447 0
9.5900E-07 2.18425 0
9.6000E-07 2.18402 0
9.6100E-07 2.1838 0
9.6200E-07 2.18358 0
9.6300E-07 2.18336 0
9.6400E-07 2.18314 0
9.6500E-07 2.18292 0
9.6600E-07 2.1827 0
9.6700E-07 2.18249 0
9.6800E-07 2.18227 0
9.6900E-07 2.18206 0
9.7000E-07 2.18184 0
9.7100E-07 2.18163 0
9.7200E-07 2.18142 0
9.7300E-07 2.18121 0
9.7400E-07 2.181 0
9.7500E-07 2.18079 0
9.7600E-07 2.18058 0
9.7700E-07 2.18038 0
9.7800E-07 2.18017 0
9.7900E-07 2.17997 0
9.8000E-07 2.17976 0
9.8100E-07 2.17956 0
9.8200E-07 2.17936 0
9.8300E-07 2.17916 0
9.8400E-07 2.17896 0
9.8500E-07 2.17876 0
9.8600E-07 2.17856 0
9.8700E-07 2.17836 0
9.8800E-07 2.17816 0
9.8900E-07 2.17797 0
9.9000E-07 2.17777 0
9.9100E-07 2.17758 0
9.9200E-07 2.17739 0
9.9300E-07 2.17719 0
9.9400E-07 2.177 0
9.9500E-07 2.17681 0
9.9600E-07 2.17662 0
9.9700E-07 2.17643 0
9.9800E-07 2.17624 0
9.9900E-07 2.17605 0
1.0000E-06 2.17587 0
1.0010E-06 2.17568 0
1.0020E-06 2.1755 0
1.0030E-06 2.17531 0
1.0040E-06 2.17513 0
1.0050E-06 2.17495 0
1.0060E-06 2.17476 0
1.0070E-06 2.17458 0
1.0080E-06 2.1744 0
1.0090E-06 2.17422 0
1.0100E-06 2.17404 0
1.0110E-06 2.17386 0
1.0120E-06 2.17369 0
1.0130E-06 2.17351 0
1.0140E-06 2.17333 0
1.0150E-06 2.17316 0
1.0160E-06 2.17298 0
1.0170E-06 2.17281 0
1.0180E-06 2.17264 0
1.0190E-06 2.17246 0
1.0200E-06 2.17229 0
1.0210E-06 2.17212 0
1.0220E-06 2.17195 0
1.0230E-06 2.17178 0
1.0240E-06 2.17161 0
1.0250E-06 2.17144 0
1.0260E-06 2.17128 0
1.0270E-06 2.17111 0
1.0280E-06 2.17094 0
1.0290E-06 2.17078 0
1.0300E-06 2.17061 0
1.0310E-06 2.17045 0
1.0320E-06 2.17028 0
1.0330E-06 2.17012 0
1.0340E-06 2.16996 0
1.0350E-06 2.1698 0
1.0360E-06 2.16964 0
1.0370E-06 2.16948 0
1.0380E-06 2.16932 0
1.0390E-06 2.16916 0
1.0400E-06 2.169 0
1.0410E-06 2.16884 0
1.0420E-06 2.16868 0
1.0430E-06 2.16853 0
1.0440E-06 2.16837 0
1.0450E-06 2.16822 0
1.0460E-06 2.16806 0
1.0470E-06 2.16791 0
1.0480E-06 2.16775 0
1.0490E-06 2.1676 0
1.0500E-06 2.16745 0
1.0510E-06 2.1673 0
1.0520E-06 2.16715 0
1.0530E-06 2.167 0
1.0540E-06 2.16684 0
1.0550E-06 2.16669 0
1.0560E-06 2.16655 0
1.0570E-06 2.1664 0
1.0580E-06 2.16625 0
1.0590E-06 2.1661 0
1.0600E-06 2.16596 0
1.0610E-06 2.16581 0
1.0620E-06 2.16567 0
1.0630E-06 2.16552 0
1.0640E-06 2.16538 0
1.0650E-06 2.16523 0
1.0660E-06 2.16509 0
1.0670E-06 2.16495 0
1.0680E-06 2.1648 0
1.0690E-06 2.16466 0
1.0700E-06 2.16452 0
1.0710E-06 2.16438 0
1.0720E-06 2.16424 0
1.0730E-06 2.1641 0
1.0740E-06 2.16396 0
1.0750E-06 2.16382 0
1.0760E-06 2.16369 0
1.0770E-06 2.16355 0
1.0780E-06 2.16341 0
1.0790E-06 2.16328 0
1.0800E-06 2.16314 0
1.0810E-06 2.163 0
1.0820E-06 2.16287 0
1.0830E-06 2.16273 0
1.0840E-06 2.1626 0
1.0850E-06 2.16247 0
1.0860E-06 2.16233 0
1.0870E-06 2.1622 0
1.0880E-06 2.16207 0
1.0890E-06 2.16194 0
1.0900E-06 2.16181 0
1.0910E-06 2.16168 0
1.0920E-06 2.16155 0
1.0930E-06 2.16142 0
1.0940E-06 2.16129 0
1.0950E-06 2.16116 0
1.0960E-06 2.16103 0
1.0970E-06 2.1609 0
1.0980E-06 2.16078 0
1.0990E-06 2.16065 0
1.1000E-06 2.16052 0
1.1010E-06 2.1604 0
1.1020E-06 2.16027 0
1.1030E-06 2.16015 0
1.1040E-06 2.16002 0
1.1050E-06 2.1599 0
1.1060E-06 2.15977 0
1.1070E-06 2.15965 0
1.1080E-06 2.15953 0
1.1090E-06 2.15941 0
1.1100E-06 2.15928 0
1.1110E-06 2.15916 0
1.1120E-06 2.15904 0
1.1130E-06 2.15892 0
1.1140E-06 2.1588 0
1.1150E-06 2.15868 0
1.1160E-06 2.15856 0
1.1170E-06 2.15844 0
1.1180E-06 2.15832 0
1.1190E-06 2.15821 0
1.1200E-06 2.15809 0
1.1210E-06 2.15797 0
1.1220E-06 2.15785 0
1.1230E-06 2.15774 0
1.1240E-06 2.15762 0
1.1250E-06 2.15751 0
1.1260E-06 2.15739 0
1.1270E-06 2.15727 0
1.1280E-06 2.15716 0
1.1290E-06 2.15705 0
1.1300E-06 2.15693 0
1.1310E-06 2.15682 0
1.1320E-06 2.15671 0
1.1330E-06 2.15659 0
1.1340E-06 2.15648 0
1.1350E-06 2.15637 0
1.1360E-06 2.15626 0
1.1370E-06 2.15615 0
1.1380E-06 2.15604 0
1.1390E-06 2.15593 0
1.1400E-06 2.15582 0
1.1410E-06 2.15571 0
1.1420E-06 2.1556 0
1.1430E-06 2.15549 0
1.1440E-06 2.15538 0
1.1450E-06 2.15527 0
1.1460E-06 2.15516 0
1.1470E-06 2.15506 0
1.1480E-06 2.15495 0
1.1490E-06 2.15484 0
1.1500E-06 2.15474 0
1.1510E-06 2.15463 0
1.1520E-06 2.15453 0
1.1530E-06 2.15442 0
1.1540E-06 2.15431 0
1.1550E-06 2.15421 0
1.1560E-06 2.15411 0
1.1570E-06 2.154 0
1.1580E-06 2.1539 0
1.1590E-06 2.1538 0
1.1600E-06 2.15369 0
1.1610E-06 2.15359 0
1.1620E-06 2.15349 0
1.1630E-06 2.15339 0
1.1640E-06 2.15328 0
1.1650E-06 2.15318 0
1.1660E-06 2.15308 0
1.1670E-06 2.15298 0
1.1680E-06 2.15288 0
1.1690E-06 2.15278 0
1.1700E-06 2.15268 0
1.1710E-06 2.15258 0
1.1720E-06 2.15248 0
1.1730E-06 2.15239 0
1.1740E-06 2.15229 0
1.1750E-06 2.15219 0
1.1760E-06 2.15209 0
1.1770E-06 2.15199 0
1.1780E-06 2.1519 0
1.1790E-06 2.1518 0
1.1800E-06 2.1517 0
1.1810E-06 2.15161 0
1.1820E-06 2.15151 0
1.1830E-06 2.15142 0
1.1840E-06 2.15132 0
1.1850E-06 2.15123 0
1.1860E-06 2.15113 0
1.1870E-06 2.15104 0
1.1880E-06 2.15094 0
1.1890E-06 2.15085 0
1.1900E-06 2.15076 0
1.1910E-06 2.15066 0
1.1920E-06 2.15057 0
1.1930E-06 2.15048 0
1.1940E-06 2.15039 0
1.1950E-06 2.15029 0
1.1960E-06 2.1502 0
1.1970E-06 2.15011 0
1.1980E-06 2.15002 0
1.1990E-06 2.14993 0
1.2000E-06 2.14984 0
1.2010E-06 2.14975 0
1.2020E-06 2.14966 0
1.2030E-06 2.14957 0
1.2040E-06 2.14948 0
1.2050E-06 2.14939 0
1.2060E-06 2.1493 0
1.2070E-06 2.14921 0
1.2080E-06 2.14913 0
1.2090E-06 2.14904 0
1.2100E-06 2.14895 0
1.2110E-06 2.14886 0
1.2120E-06 2.14878 0
1.2130E-06 2.14869 0
1.2140E-06 2.1486 0
1.2150E-06 2.14852 0
1.2160E-06 2.14843 0
1.2170E-06 2.14834 0
1.2180E-06 2.14826 0
1.2190E-06 2.14817 0
1.2200E-06 2.14809 0
1.2210E-06 2.148 0
1.2220E-06 2.14792 0
1.2230E-06 2.14783 0
1.2240E-06 2.14775 0
1.2250E-06 2.14766 0
1.2260E-06 2.14758 0
1.2270E-06 2.1475 0
1.2280E-06 2.14742 0
1.2290E-06 2.14733 0
1.2300E-06 2.14725 0
1.2310E-06 2.14717 0
1.2320E-06 2.14709 0
1.2330E-06 2.147 0
1.2340E-06 2.14692 0
1.2350E-06 2.14684 0
1.2360E-06 2.14676 0
1.2370E-06 2.14668 0
1.2380E-06 2.1466 0
1.2390E-06 2.14652 0
1.2400E-06 2.14644 0
1.2410E-06 2.14636 0
1.2420E-06 2.14628 0
1.2430E-06 2.1462 0
1.2440E-06 2.14612 0
1.2450E-06 2.14604 0
1.2460E-06 2.14596 0
1.2470E-06 2.14588 0
1.2480E-06 2.1458 0
1.2490E-06 2.14573 0
1.2500E-06 2.14565 0
1.2510E-06 2.14557 0
1.2520E-06 2.14549 0
1.2530E-06 2.14542 0
1.2540E-06 2.14534 0
1.2550E-06 2.14526 0
1.2560E-06 2.14519 0
1.2570E-06 2.14511 0
1.2580E-06 2.14503 0
1.2590E-06 2.14496 0
1.2600E-06 2.14488 0
1.2610E-06 2.14481 0
1.2620E-06 2.14473 0
1.2630E-06 2.14466 0
1.2640E-06 2.14458 0
1.2650E-06 2.14451 0
1.2660E-06 2.14443 0
1.2670E-06 2.14436 0
1.2680E-06 2.14429 0
1.2690E-06 2.14421 0
1.2700E-06 2.14414 0
1.2710E-06 2.14406 0
1.2720E-06 2.14399 0
1.2730E-06 2.14392 0
1.2740E-06 2.14385 0
1.2750E-06 2.14377 0
1.2760E-06 2.1437 0
1.2770E-06 2.14363 0
1.2780E-06 2.14356 0
1.2790E-06 2.14349 0
1.2800E-06 2.14342 0
1.2810E-06 2.14334 0
1.2820E-06 2.14327 0
1.2830E-06 2.1432 0
1.2840E-06 2.14313 0
1.2850E-06 2.14306 0
1.2860E-06 2.14299 0
1.2870E-06 2.14292 0
1.2880E-06 2.14285 0
1.2890E-06 2.14278 0
1.2900E-06 2.14271 0
1.2910E-06 2.14264 0
1.2920E-06 2.14257 0
1.2930E-06 2.1425 0
1.2940E-06 2.14244 0
1.2950E-06 2.14237 0
1.2960E-06 2.1423 0
1.2970E-06 2.14223 0
1.2980E-06 2.14216 0
1.2990E-06 2.1421 0
